

TREE # 1

  0  0.0000  12932.841382  x:  0.43825   0.12302   1.21236   0.21329   0.06924   0.24108   0.00000   0.03772   0.02050   0.03982   0.04503   0.12526   0.11023   0.12771   0.03232   0.08764   0.24212   0.26268   0.16089   0.16096   0.18748   1.00000   1.36749   0.12949   0.21555  
  1 99.0000  12847.750229  x:  0.44857   0.13970   1.21685   0.22390   0.07766   0.24920   0.17513   0.01926   0.00756   0.01778   0.02780   0.11848   0.12449   0.15129   0.04412   0.08068   0.24316   0.27153   0.18042   0.17453   0.19507   1.02282   1.36977   0.12732   0.15780  
  2 3424.7794  12785.411443  x:  0.46305   0.16338   1.22492   0.23878   0.08612   0.25474   0.17333   0.01143   0.04585   0.01530   0.01564   0.08877   0.13956   0.17745   0.04791   0.07068   0.24451   0.28384   0.20758   0.19247   0.20508   1.05642   1.37169   0.12524   0.08721  
  3 1334.5841  12748.855851  x:  0.47978   0.19190   1.23667   0.25584   0.09261   0.26036   0.16714   0.03528   0.02083   0.01654   0.03109   0.04863   0.15431   0.20487   0.04835   0.05833   0.24396   0.29754   0.23991   0.21182   0.21509   1.10076   1.37102   0.12499   0.06062  
  4 1282.6510  12714.051343  x:  0.49599   0.21980   1.24904   0.27214   0.09766   0.26580   0.16168   0.02700   0.00593   0.01364   0.02065   0.01215   0.16759   0.23050   0.04897   0.04852   0.24249   0.31049   0.27167   0.22984   0.22395   1.14688   1.36868   0.12609   0.07078  
  5 2004.7044  12688.545663  x:  0.51982   0.26064   1.26993   0.29531   0.10228   0.27575   0.16600   0.03761   0.02471   0.02651   0.03191   0.00541   0.18450   0.26478   0.05045   0.04307   0.23884   0.32909   0.31886   0.25431   0.23503   1.22156   1.36364   0.12866   0.10380  
  6 1550.6923  12648.367084  x:  0.56881   0.34283   1.31590   0.34145   0.10961   0.29912   0.15172   0.03921   0.01642   0.02590   0.03491   0.06771   0.21678   0.33088   0.05690   0.04932   0.23214   0.36748   0.41547   0.30235   0.25627   1.38159   1.35233   0.13453   0.13676  
  7 2715.1846  12626.131611  x:  0.58306   0.35907   1.37122   0.33960   0.06803   0.30486   0.15166   0.02283   0.01689   0.01624   0.05837   0.05561   0.19326   0.30937   0.05749   0.12869   0.22335   0.37304   0.45095   0.28794   0.23664   1.52932   1.31883   0.15869   0.13266  
  8 393.1050  12609.815103  x:  0.58783   0.35926   1.42154   0.32905   0.03536   0.30915   0.15522   0.02384   0.01025   0.04866   0.04177   0.05575   0.17028   0.27906   0.03072   0.13814   0.22097   0.37528   0.47036   0.26821   0.21718   1.65317   1.28457   0.18378   0.12187  
  9 798.6975  12590.785126  x:  0.58659   0.34796   1.48143   0.31018   0.01247   0.31373   0.15664   0.04732   0.01714   0.02345   0.02272   0.05594   0.14750   0.24039   0.01997   0.11527   0.22408   0.37801   0.48369   0.24316   0.19687   1.79071   1.24098   0.21568   0.11880  
 10 1024.3788  12573.479807  x:  0.57790   0.32202   1.55454   0.28075   0.01227   0.31885   0.15528   0.04335   0.01683   0.02350   0.02616   0.05764   0.12910   0.19607   0.06326   0.07301   0.23322   0.38207   0.48982   0.21417   0.17857   1.94941   1.18622   0.25536   0.11226  
 11 1177.7061  12563.029482  x:  0.56431   0.29143   1.60316   0.25426   0.04048   0.32024   0.15485   0.02548   0.01715   0.01721   0.04731   0.05895   0.13505   0.18301   0.04661   0.05582   0.24367   0.38402   0.48150   0.20619   0.18289   2.04146   1.14853   0.28183   0.10881  
 12 606.2612  12549.706053  x:  0.53546   0.23033   1.67961   0.20414   0.08321   0.31656   0.15452   0.04237   0.01709   0.02230   0.02942   0.05646   0.15950   0.19529   0.05077   0.07439   0.26435   0.37895   0.45183   0.21283   0.21122   2.16394   1.08817   0.32265   0.10788  
 13 543.7287  12545.915314  x:  0.53109   0.21533   1.71624   0.18578   0.05994   0.30795   0.15389   0.03754   0.01724   0.02075   0.03526   0.05837   0.15929   0.22216   0.05232   0.06521   0.26396   0.36192   0.43074   0.22933   0.22746   2.19152   1.06033   0.33897   0.10620  
 14 171.6379  12542.463626  x:  0.55748   0.23712   1.81671   0.19644   0.07662   0.29758   0.15419   0.03902   0.01768   0.02122   0.03295   0.05929   0.16276   0.23006   0.05354   0.06559   0.23002   0.34880   0.39363   0.23947   0.21589   2.17817   0.99448   0.36632   0.10284  
 15 64.7509  12537.804967  x:  0.58356   0.24065   2.01105   0.26196   0.06834   0.31608   0.15493   0.03704   0.01835   0.02300   0.03445   0.05908   0.17222   0.22896   0.05367   0.07071   0.28269   0.35643   0.37356   0.24404   0.21970   2.12628   0.88214   0.39502   0.10086  
 16 108.6773  12536.514430  x:  0.57913   0.22432   2.07436   0.27778   0.06571   0.32474   0.15522   0.03652   0.01852   0.02327   0.03433   0.05863   0.15844   0.22800   0.05406   0.07088   0.26754   0.37846   0.38302   0.24692   0.23790   2.10838   0.85515   0.38648   0.10013  
 17 74.0025  12535.733073  x:  0.57522   0.21572   2.12354   0.26860   0.05888   0.32964   0.15476   0.03576   0.01848   0.02323   0.03473   0.05846   0.16964   0.23915   0.05404   0.07003   0.25906   0.39128   0.39326   0.23266   0.22990   2.09711   0.84511   0.35738   0.10040  
 18 44.6774  12533.695435  x:  0.57783   0.22079   2.26734   0.20902   0.05872   0.31887   0.15525   0.03474   0.01844   0.02317   0.03375   0.05773   0.17027   0.22573   0.05399   0.06946   0.26680   0.39429   0.42714   0.24641   0.22849   2.07084   0.82820   0.23256   0.10217  
 19 61.5690  12533.324751  x:  0.57573   0.21852   2.28667   0.20663   0.06657   0.31890   0.15513   0.03503   0.01839   0.02313   0.03308   0.05765   0.15940   0.23336   0.05366   0.06947   0.26856   0.37811   0.43945   0.24101   0.22640   2.06807   0.81554   0.20439   0.10223  
 20 32.9026  12532.960607  x:  0.57269   0.21605   2.29347   0.20934   0.06607   0.32470   0.15482   0.03491   0.01836   0.02301   0.03280   0.05741   0.16812   0.22743   0.05404   0.06891   0.26253   0.36030   0.44893   0.24060   0.23092   2.06795   0.78750   0.17052   0.10189  
 21 25.7929  12522.277379  x:  0.54833   0.25178   2.25040   0.20582   0.06419   0.32626   0.14931   0.02983   0.01775   0.02281   0.02808   0.05712   0.16968   0.23835   0.05464   0.06760   0.26442   0.38046   0.46925   0.25128   0.22850   2.11001  -0.29363  -0.88867   0.09172  
 22 42.5813  12521.965288  x:  0.57767   0.23878   2.24992   0.21312   0.06407   0.32134   0.14913   0.02978   0.01769   0.02269   0.02775   0.05708   0.17059   0.23838   0.05479   0.06702   0.26442   0.38047   0.45999   0.24192   0.23835   2.11704  -0.30666  -0.91718   0.09205  
 23 13.0487  12521.734814  x:  0.58991   0.22393   2.25070   0.22295   0.06443   0.32569   0.14874   0.02968   0.01760   0.02258   0.02751   0.05671   0.16998   0.23919   0.05479   0.06663   0.26327   0.38018   0.45195   0.25256   0.22773   2.12369  -0.30608  -0.93078   0.09235  
 24 12.2424  12519.229132  x:  0.54355   0.25207   2.27723   0.29718   0.06462   0.32754   0.14504   0.02744   0.01713   0.02147   0.02405   0.05563   0.16899   0.24413   0.05515   0.06335   0.26012   0.37927   0.36939   0.24656   0.23821   2.18729  -0.21915  -0.94444   0.09211  
 25  5.2773  12513.605721  x:  0.53763   0.24675   2.29014   0.30977   0.06348   0.25601   0.13788   0.02159   0.01643   0.02038   0.01954   0.05911   0.18954   0.24938   0.05612   0.06156   0.25921   0.38611   0.42060   0.25939   0.22886   2.23740  -0.11661  -0.81226   0.08825  
 26 15.2076  12503.313062  x:  0.57440   0.27017   2.30406   0.24767   0.06751   0.30744   0.12205   0.01202   0.01512   0.01918   0.01141   0.05787   0.19011   0.27034   0.05668   0.06177   0.25997   0.39627   0.49042   0.27167   0.23908   2.31230   0.05774  -0.56004   0.08239  
 27 141.0469  12489.439358  x:  0.61458   0.30490   2.35851   0.19928   0.07279   0.34035   0.09204   0.01544   0.01157   0.01158   0.02879   0.05712   0.20010   0.30154   0.05413   0.07574   0.25841   0.41499   0.58492   0.29279   0.24977   2.48580   0.27710  -0.22453   0.07683  
 28  0.6815  12483.980655  x:  0.62330   0.31079   2.45947   0.18037   0.07830   0.34564   0.07328   0.02459   0.01028   0.02486   0.02611   0.05852   0.20396   0.30960   0.05569   0.07209   0.26108   0.42125   0.62604   0.29784   0.25252   2.59762   0.22579  -0.22241   0.07082  
 29  0.2477  12480.720983  x:  0.61150   0.30223   2.61453   0.19389   0.07390   0.32835   0.05531   0.02740   0.01518   0.02017   0.02248   0.05952   0.20431   0.30683   0.05617   0.06910   0.26272   0.42084   0.63228   0.29471   0.25003   2.68458   0.00806  -0.46867   0.06716  
 30  0.3336  12479.923469  x:  0.60598   0.29482   2.64876   0.19752   0.06840   0.31954   0.05204   0.02145   0.01575   0.02143   0.02636   0.06142   0.20047   0.30027   0.05408   0.06898   0.26096   0.41743   0.62451   0.28962   0.24686   2.69645   0.03808  -0.46557   0.06859  
 31  0.0697  12479.430183  x:  0.60519   0.28881   2.65215   0.18946   0.06413   0.31841   0.05047   0.02263   0.01560   0.01919   0.02441   0.06420   0.19583   0.29179   0.05375   0.06740   0.26065   0.41602   0.62060   0.28461   0.24378   2.68468   0.12515  -0.39010   0.07232  
 32  0.1350  12479.251809  x:  0.60657   0.29078   2.62694   0.18144   0.06319   0.32413   0.04768   0.02206   0.01462   0.01930   0.02407   0.06570   0.19220   0.28613   0.05297   0.07018   0.25943   0.41565   0.61729   0.28240   0.24268   2.66787   0.08636  -0.42853   0.07151  
 33  0.0385  12479.203831  x:  0.60615   0.29193   2.59911   0.18949   0.06396   0.32326   0.04775   0.02226   0.01463   0.01983   0.02385   0.06700   0.19262   0.28568   0.05323   0.06937   0.25976   0.41483   0.60765   0.28252   0.24235   2.64501   0.10616  -0.41216   0.07128  
 34  0.0246  12479.194711  x:  0.60552   0.29079   2.59727   0.19022   0.06424   0.32196   0.04659   0.02224   0.01482   0.01963   0.02396   0.06756   0.19308   0.28642   0.05327   0.06926   0.25986   0.41443   0.60672   0.28264   0.24254   2.64213   0.10178  -0.41737   0.07141  
 35  0.0058  12479.193211  x:  0.60536   0.29021   2.59530   0.18945   0.06454   0.32215   0.04687   0.02222   0.01486   0.01960   0.02406   0.06756   0.19311   0.28670   0.05326   0.06942   0.25978   0.41421   0.60647   0.28266   0.24277   2.63902   0.09971  -0.41946   0.07156  
 36  0.0047  12479.193062  x:  0.60537   0.29018   2.59529   0.18914   0.06462   0.32231   0.04682   0.02225   0.01483   0.01960   0.02409   0.06751   0.19315   0.28685   0.05326   0.06942   0.25971   0.41421   0.60661   0.28272   0.24285   2.63883   0.10144  -0.41776   0.07156  
 37  0.0021  12479.193031  x:  0.60529   0.29014   2.59540   0.18922   0.06459   0.32222   0.04682   0.02225   0.01481   0.01960   0.02410   0.06746   0.19314   0.28679   0.05326   0.06938   0.25971   0.41419   0.60645   0.28269   0.24283   2.63850   0.10112  -0.41827   0.07156  
 38  0.0004  12479.193025  x:  0.60532   0.29016   2.59525   0.18924   0.06460   0.32220   0.04683   0.02225   0.01482   0.01960   0.02409   0.06743   0.19314   0.28678   0.05326   0.06940   0.25972   0.41419   0.60643   0.28269   0.24282   2.63839   0.10125  -0.41808   0.07156  
 39  0.0002  12479.193025  x:  0.60532   0.29017   2.59515   0.18923   0.06460   0.32221   0.04682   0.02225   0.01482   0.01960   0.02409   0.06743   0.19314   0.28678   0.05326   0.06939   0.25972   0.41419   0.60644   0.28269   0.24282   2.63838   0.10120  -0.41816   0.07157  
 40  0.0001  12479.193025  x:  0.60531   0.29016   2.59513   0.18923   0.06460   0.32220   0.04683   0.02225   0.01482   0.01960   0.02409   0.06743   0.19314   0.28678   0.05326   0.06939   0.25972   0.41419   0.60644   0.28268   0.24282   2.63838   0.10122  -0.41815   0.07157  
 41  0.0000  12479.193025  x:  0.60531   0.29016   2.59513   0.18923   0.06460   0.32220   0.04683   0.02225   0.01482   0.01960   0.02409   0.06743   0.19314   0.28678   0.05326   0.06939   0.25972   0.41419   0.60644   0.28268   0.24282   2.63839   0.10122  -0.41815   0.07157  
 42  0.0000  12479.193025  x:  0.60531   0.29016   2.59513   0.18923   0.06460   0.32220   0.04683   0.02225   0.01482   0.01960   0.02409   0.06743   0.19314   0.28678   0.05326   0.06939   0.25972   0.41419   0.60644   0.28268   0.24282   2.63839   0.10122  -0.41815   0.07157  