

2 (Sim) ... 1 (Mel)
  0  0.0000    764.417216  x:  0.10848   1.45728   0.40160  
  1 99.0000    759.713320  x:  0.19794   1.49809   0.05865  
  2 18.1912    759.608307  x:  0.19740   1.49939   0.04784  
  3 195.8177    756.638365  x:  0.13116   2.93714   0.06938  
  4  2.0342    756.591193  x:  0.12282   2.75073   0.06899  
  5  0.2110    756.568520  x:  0.12523   2.53937   0.06629  
  6  0.1774    756.568201  x:  0.12530   2.53107   0.06698  
  7  0.0057    756.568200  x:  0.12527   2.53129   0.06698  
  8  0.0002    756.568200  x:  0.12527   2.53119   0.06698  
  9  0.0001    756.568200  x:  0.12527   2.53119   0.06698  