

TREE # 1

  0  0.0000  13314.569198  x:  0.42769   0.09986   1.22004   0.21436   0.03752   0.24575   0.00000   0.04197   0.04378   0.02131   0.05662   0.12260   0.10228   0.10795   0.04147   0.06627   0.22162   0.26390   0.18796   0.14311   0.17945   1.00000   0.50000  
  1 99.0000  13246.921375  x:  0.43761   0.11775   1.22241   0.22139   0.05683   0.25240   0.16755   0.02833   0.02592   0.01607   0.04286   0.11919   0.11775   0.13441   0.04757   0.06756   0.22526   0.27203   0.20097   0.15744   0.18710   1.01947   0.47702  
  2 4102.4223  13169.806787  x:  0.45332   0.14514   1.22654   0.23213   0.07619   0.25734   0.16229   0.01088   0.00277   0.02351   0.02241   0.09649   0.13624   0.16583   0.05209   0.06828   0.23106   0.28366   0.22140   0.17830   0.19856   1.05270   0.43680  
  3 1264.4974  13128.975963  x:  0.46655   0.16808   1.23010   0.24111   0.09174   0.26149   0.15896   0.00294   0.01312   0.02771   0.00839   0.07741   0.15136   0.19157   0.05551   0.06873   0.23584   0.29338   0.23864   0.19561   0.20807   1.08128   0.40225  
  4 6882.7839  13081.427605  x:  0.48442   0.19893   1.23502   0.25315   0.11213   0.26706   0.15502   0.01807   0.01920   0.03187   0.00152   0.05193   0.17139   0.22572   0.05976   0.06919   0.24218   0.30644   0.26192   0.21870   0.22077   1.12038   0.35515  
  5 11785.3214  13035.180172  x:  0.50817   0.23991   1.24160   0.26913   0.13905   0.27448   0.14983   0.02784   0.02702   0.03703   0.01364   0.01839   0.19788   0.27094   0.06526   0.06974   0.25056   0.32376   0.29288   0.24929   0.23758   1.17254   0.29261  
  6 30719.3596  13014.610766  x:  0.52037   0.25923   1.24812   0.27596   0.14177   0.27864   0.14450   0.02881   0.02765   0.01261   0.01492   0.05192   0.20365   0.28322   0.05903   0.06635   0.25191   0.33096   0.30970   0.25929   0.24233   1.21003   0.26962  
  7 856.8700  13003.903733  x:  0.53477   0.27934   1.26183   0.28170   0.12813   0.28183   0.14459   0.03091   0.02961   0.04119   0.01655   0.07912   0.19928   0.28257   0.04579   0.06133   0.24864   0.33692   0.33135   0.26218   0.24174   1.27187   0.27603  
  8 523.2622  12957.811083  x:  0.58701   0.34598   1.32867   0.29514   0.04405   0.28780   0.14732   0.03028   0.02850   0.02070   0.01634   0.06134   0.16255   0.25188   0.04103   0.06929   0.22741   0.35440   0.41535   0.25423   0.22581   1.55236   0.36094  
  9 773.9636  12941.686000  x:  0.57681   0.31928   1.36468   0.27023   0.04712   0.29019   0.14978   0.02852   0.02687   0.02587   0.01529   0.05971   0.14630   0.20430   0.07989   0.06581   0.22457   0.35634   0.42035   0.21911   0.20132   1.70192   0.33475  
 10 367.8087  12931.591909  x:  0.55930   0.28300   1.39180   0.24584   0.06742   0.29252   0.15103   0.02718   0.02565   0.02092   0.01433   0.04771   0.15026   0.18727   0.04869   0.05317   0.23230   0.35614   0.41254   0.20237   0.19510   1.79864   0.33091  
 11 456.0792  12924.796147  x:  0.53783   0.23979   1.41993   0.22013   0.08585   0.29432   0.14939   0.02785   0.02625   0.02162   0.01478   0.05189   0.16417   0.19814   0.04390   0.08270   0.24638   0.35194   0.39744   0.20427   0.20561   1.88114   0.34672  
 12 385.9219  12922.230198  x:  0.52819   0.21944   1.43549   0.20900   0.08407   0.29164   0.14859   0.02824   0.02660   0.02151   0.01505   0.05387   0.16827   0.21293   0.05456   0.06577   0.25075   0.34490   0.38526   0.21561   0.21734   1.91224   0.35641  
 13 195.7076  12921.757041  x:  0.52774   0.21602   1.44540   0.20825   0.07653   0.28702   0.14918   0.02791   0.02631   0.02172   0.01483   0.05276   0.16416   0.21647   0.05145   0.06789   0.24561   0.33887   0.37557   0.22092   0.21943   1.91746   0.35039  
 14 52.2964  12921.161085  x:  0.53453   0.21904   1.48048   0.22065   0.08599   0.28277   0.14872   0.02813   0.02652   0.02157   0.01497   0.05346   0.16449   0.21779   0.05223   0.06764   0.23394   0.33388   0.35242   0.22468   0.21506   1.92072   0.35235  
 15 35.6149  12920.742445  x:  0.53869   0.21747   1.51729   0.23565   0.08034   0.28612   0.14886   0.02802   0.02641   0.02170   0.01490   0.05308   0.16861   0.21712   0.05230   0.06749   0.24603   0.33369   0.34005   0.22029   0.21474   1.91881   0.34932  
 16 38.2479  12920.572422  x:  0.53832   0.21281   1.53717   0.23901   0.08114   0.28839   0.14894   0.02795   0.02634   0.02170   0.01486   0.05275   0.16354   0.21445   0.05224   0.06772   0.24576   0.33959   0.34393   0.22206   0.22103   1.91526   0.34770  
 17 23.4115  12920.363906  x:  0.53912   0.20960   1.56540   0.22807   0.07882   0.28913   0.14871   0.02798   0.02637   0.02174   0.01487   0.05281   0.16600   0.21969   0.05228   0.06746   0.24056   0.34413   0.35565   0.21823   0.21739   1.90806   0.34570  
 18 19.1087  12920.239383  x:  0.54196   0.21242   1.58043   0.21685   0.08018   0.28706   0.14873   0.02798   0.02637   0.02173   0.01488   0.05287   0.16723   0.21537   0.05241   0.06761   0.24409   0.34062   0.36205   0.22274   0.21671   1.90409   0.34512  
 19 18.6282  12920.127880  x:  0.54253   0.21371   1.58348   0.21608   0.08363   0.28605   0.14852   0.02802   0.02640   0.02164   0.01491   0.05290   0.16091   0.21921   0.05235   0.06761   0.24722   0.33465   0.36559   0.21989   0.21649   1.90437   0.34523  
 20  3.9387  12918.895514  x:  0.53908   0.21543   1.58820   0.22694   0.08624   0.29525   0.14679   0.02796   0.02623   0.02120   0.01493   0.05226   0.17191   0.21758   0.05259   0.06766   0.23697   0.30450   0.38404   0.21496   0.22828   1.91648   0.34278  
 21  6.1498  12894.093012  x:  0.52866   0.31530   1.60296   0.27085   0.08220   0.29031   0.11343   0.02691   0.02294   0.01148   0.01606   0.04702   0.19035   0.27601   0.05262   0.06627   0.24614   0.35906   0.45586   0.29216   0.19934   2.19686   0.31594  
 22 19.2650  12892.141362  x:  0.55730   0.33294   1.60159   0.25111   0.08158   0.29454   0.11087   0.02675   0.02261   0.01078   0.01611   0.04644   0.19215   0.28038   0.05319   0.06578   0.24244   0.37136   0.44222   0.26682   0.23706   2.21830   0.31380  
 23 58.0585  12891.922769  x:  0.58829   0.31331   1.59791   0.25238   0.08222   0.29567   0.11056   0.02670   0.02253   0.01079   0.01610   0.04633   0.19238   0.28099   0.05321   0.06579   0.24269   0.37013   0.44516   0.26991   0.23370   2.22045   0.31323  
 24 10.3151  12891.845657  x:  0.58954   0.31160   1.59811   0.25457   0.08259   0.28558   0.11053   0.02669   0.02252   0.01093   0.01612   0.04676   0.19486   0.28044   0.05336   0.06575   0.24314   0.37091   0.44741   0.26787   0.23553   2.22185   0.31327  
 25  1.6665  12884.901838  x:  0.59155   0.32909   1.63682   0.23661   0.08982   0.30510   0.08773   0.02590   0.02009   0.02854   0.01734   0.06148   0.19469   0.28960   0.05303   0.06408   0.24382   0.37594   0.45467   0.27056   0.23737   2.37981   0.31426  
 26  1.4781  12877.679648  x:  0.58322   0.29567   1.69665   0.22481   0.09345   0.28241   0.05616   0.02253   0.01427   0.02459   0.01786   0.06244   0.19453   0.27261   0.05315   0.06645   0.24437   0.36121   0.46490   0.25841   0.22391   2.55843   0.34564  
 27  0.1158  12875.087860  x:  0.57466   0.28536   1.66498   0.22879   0.07823   0.29101   0.04662   0.02129   0.01273   0.01898   0.01808   0.06400   0.18288   0.25589   0.05382   0.06677   0.24130   0.36096   0.44252   0.25027   0.22436   2.47307   0.33064  
 28  0.0530  12874.276382  x:  0.57758   0.28904   1.63338   0.23463   0.07906   0.29303   0.04673   0.02272   0.01479   0.01804   0.01909   0.06867   0.18362   0.25723   0.05182   0.06392   0.24336   0.36603   0.43459   0.25295   0.22838   2.37389   0.33065  
 29  0.0716  12874.098679  x:  0.57859   0.28923   1.63772   0.23312   0.08152   0.29051   0.04169   0.02278   0.01469   0.01893   0.01971   0.06998   0.18545   0.25902   0.05263   0.06527   0.24373   0.36567   0.43786   0.25407   0.22752   2.36649   0.33147  
 30  0.0113  12874.024020  x:  0.57714   0.28586   1.64254   0.22976   0.08168   0.28876   0.04343   0.02278   0.01483   0.01977   0.02022   0.06860   0.18563   0.25912   0.05323   0.06642   0.24319   0.36286   0.43792   0.25361   0.22600   2.34631   0.33087  
 31  0.0112  12873.935715  x:  0.57592   0.28442   1.64086   0.22929   0.08057   0.28851   0.04260   0.02233   0.01429   0.01963   0.02143   0.06640   0.18544   0.25953   0.05210   0.06456   0.24301   0.36199   0.43645   0.25301   0.22674   2.34618   0.33174  
 32  0.0017  12873.839881  x:  0.57765   0.28859   1.63320   0.23369   0.08098   0.28966   0.04392   0.02206   0.01417   0.01933   0.02316   0.06649   0.18533   0.25968   0.05321   0.06574   0.24342   0.36522   0.43635   0.25362   0.22786   2.35579   0.33102  
 33  0.0056  12873.817869  x:  0.57741   0.28680   1.64010   0.23146   0.08150   0.28908   0.04363   0.02198   0.01429   0.01921   0.02382   0.06799   0.18534   0.25881   0.05264   0.06554   0.24349   0.36393   0.43727   0.25373   0.22664   2.35704   0.33128  
 34  0.0049  12873.815997  x:  0.57742   0.28723   1.64030   0.23113   0.08106   0.28952   0.04354   0.02187   0.01437   0.01928   0.02392   0.06800   0.18530   0.25904   0.05281   0.06549   0.24328   0.36389   0.43739   0.25335   0.22699   2.35879   0.33089  
 35  0.0011  12873.814371  x:  0.57743   0.28680   1.63972   0.23156   0.08107   0.28938   0.04353   0.02171   0.01457   0.01923   0.02391   0.06792   0.18530   0.25895   0.05275   0.06553   0.24338   0.36387   0.43752   0.25344   0.22688   2.35913   0.33119  
 36  0.0003  12873.814086  x:  0.57738   0.28708   1.64011   0.23131   0.08124   0.28927   0.04352   0.02163   0.01456   0.01924   0.02388   0.06792   0.18528   0.25889   0.05273   0.06552   0.24341   0.36399   0.43730   0.25349   0.22688   2.35835   0.33108  
 37  0.0005  12873.814022  x:  0.57746   0.28702   1.63999   0.23139   0.08121   0.28931   0.04354   0.02159   0.01453   0.01924   0.02388   0.06796   0.18531   0.25893   0.05275   0.06552   0.24338   0.36394   0.43736   0.25354   0.22684   2.35846   0.33111  
 38  0.0001  12873.814018  x:  0.57742   0.28703   1.63995   0.23139   0.08120   0.28931   0.04354   0.02159   0.01453   0.01924   0.02388   0.06797   0.18532   0.25895   0.05275   0.06552   0.24338   0.36393   0.43736   0.25350   0.22687   2.35834   0.33111  
 39  0.0001  12873.814018  x:  0.57742   0.28702   1.63996   0.23139   0.08120   0.28931   0.04354   0.02159   0.01453   0.01924   0.02388   0.06797   0.18531   0.25896   0.05275   0.06552   0.24338   0.36393   0.43737   0.25351   0.22687   2.35835   0.33111  
 40  0.0000  12873.814018  x:  0.57742   0.28702   1.63996   0.23139   0.08120   0.28931   0.04354   0.02159   0.01453   0.01924   0.02388   0.06797   0.18531   0.25896   0.05275   0.06552   0.24338   0.36393   0.43737   0.25351   0.22687   2.35835   0.33111  
 41  0.0000  12873.814018  x:  0.57742   0.28702   1.63996   0.23139   0.08120   0.28931   0.04354   0.02159   0.01453   0.01924   0.02388   0.06797   0.18531   0.25896   0.05275   0.06552   0.24338   0.36393   0.43737   0.25351   0.22687   2.35835   0.33111  
 42  0.0000  12873.814018  x:  0.57742   0.28702   1.63996   0.23139   0.08120   0.28931   0.04354   0.02159   0.01453   0.01924   0.02388   0.06797   0.18531   0.25896   0.05275   0.06552   0.24338   0.36393   0.43737   0.25351   0.22687   2.35835   0.33111  