

TREE # 1

  0  0.0000  13695.235329  x:  0.50017   0.11477   1.41917   0.22748   0.05739   0.26244   0.00000   0.01054   0.02399   0.02409   0.04416   0.12213   0.11971   0.13504   0.05236   0.08098   0.26740   0.27525   0.19350   0.15794   0.20500   0.47795   0.58205   0.42433  
  1 99.0000  13618.302351  x:  0.50501   0.12431   1.41965   0.23138   0.06566   0.26551   0.19366   0.02400   0.01658   0.01898   0.03719   0.12059   0.12725   0.14720   0.05233   0.07832   0.26690   0.27972   0.20136   0.16608   0.20818   0.52444   0.56527   0.41879  
  2 6312.0053  13359.725805  x:  0.52569   0.16483   1.42148   0.24816   0.09315   0.26906   0.18819   0.00889   0.00082   0.01956   0.00622   0.07473   0.15422   0.19229   0.05128   0.06788   0.26527   0.29807   0.23525   0.19980   0.22124   0.71764   0.48631   0.39351  
  3 1651.6218  13325.047261  x:  0.52975   0.17278   1.42184   0.25145   0.09850   0.26975   0.18720   0.00668   0.00462   0.01968   0.00138   0.06572   0.15949   0.20112   0.05109   0.06585   0.26494   0.30167   0.24192   0.20640   0.22379   0.75563   0.47068   0.38851  
  4 67650.0298  13129.894642  x:  0.55939   0.23083   1.42444   0.27539   0.13702   0.27482   0.17888   0.00206   0.01984   0.02054   0.02567   0.00000   0.19770   0.26518   0.04975   0.05131   0.26238   0.32791   0.29065   0.25444   0.24233   1.03324   0.35560   0.35168  
  5 45624.1054  13034.753347  x:  0.58521   0.28153   1.42678   0.29604   0.16907   0.28012   0.16323   0.06112   0.02800   0.02110   0.03245   0.01090   0.22992   0.31979   0.04936   0.04100   0.25965   0.35064   0.33354   0.29563   0.25789   1.27817   0.25263   0.31826  
  6 14434.9893  13002.893655  x:  0.59040   0.29262   1.42954   0.29897   0.16480   0.28219   0.16237   0.01866   0.03332   0.01443   0.04469   0.06341   0.22817   0.32228   0.05764   0.06461   0.25471   0.35383   0.34565   0.29850   0.25664   1.34674   0.25032   0.30370  
  7 1119.6993  12985.832422  x:  0.59084   0.29656   1.43705   0.29500   0.13093   0.27973   0.16215   0.01826   0.03464   0.05189   0.04676   0.06867   0.20462   0.29838   0.05270   0.07785   0.24160   0.34988   0.35774   0.28291   0.24352   1.41855   0.30603   0.27970  
  8 495.3591  12964.798778  x:  0.58672   0.29361   1.44540   0.28522   0.08417   0.27592   0.16023   0.02689   0.03491   0.01724   0.04615   0.06249   0.17442   0.26327   0.04629   0.08103   0.22880   0.34225   0.36701   0.25799   0.22505   1.48874   0.35389   0.25543  
  9 776.0025  12960.284607  x:  0.57535   0.27772   1.44927   0.27016   0.06184   0.27739   0.16080   0.02358   0.03487   0.02251   0.04643   0.06487   0.16572   0.23913   0.05668   0.06562   0.23413   0.33785   0.36461   0.23707   0.21418   1.51104   0.34028   0.25661  
 10 200.8910  12958.467347  x:  0.56142   0.25754   1.45602   0.25372   0.06950   0.28434   0.16058   0.02482   0.03482   0.02279   0.04621   0.06329   0.16915   0.22270   0.04815   0.07638   0.24553   0.34210   0.36430   0.22343   0.21302   1.52671   0.33933   0.26789  
 11 103.8093  12958.013269  x:  0.55587   0.24942   1.46136   0.24590   0.07368   0.28649   0.16031   0.02515   0.03496   0.02150   0.04637   0.06344   0.17027   0.22172   0.05493   0.07279   0.24905   0.34430   0.36621   0.22395   0.21765   1.53230   0.34583   0.27367  
 12 67.1290  12957.861484  x:  0.55364   0.24610   1.46514   0.24139   0.07321   0.28634   0.16028   0.02424   0.03507   0.02138   0.04664   0.06462   0.16972   0.22323   0.05186   0.06922   0.24937   0.34452   0.36770   0.22576   0.22039   1.53390   0.34742   0.27603  
 13 49.4898  12957.695997  x:  0.55115   0.24220   1.47355   0.23308   0.06935   0.28429   0.16029   0.02471   0.03502   0.02163   0.04651   0.06406   0.16747   0.22729   0.05198   0.07230   0.24760   0.34365   0.37113   0.22906   0.22346   1.53452   0.34614   0.27873  
 14 36.2365  12957.422569  x:  0.55219   0.24275   1.50160   0.21747   0.07435   0.28189   0.16026   0.02453   0.03502   0.02181   0.04654   0.06421   0.16674   0.22877   0.05231   0.07143   0.23987   0.34447   0.38524   0.22782   0.21743   1.53213   0.34361   0.27764  
 15 23.5300  12957.233044  x:  0.55583   0.24619   1.52697   0.21269   0.07061   0.28425   0.16023   0.02461   0.03501   0.02174   0.04651   0.06411   0.17158   0.22607   0.05220   0.07163   0.24681   0.34397   0.39638   0.22888   0.21780   1.52967   0.34250   0.27614  
 16 28.0341  12957.131854  x:  0.55702   0.24459   1.54284   0.21755   0.07223   0.28533   0.16024   0.02461   0.03498   0.02195   0.04647   0.06397   0.16526   0.22425   0.05220   0.07177   0.24881   0.34556   0.39590   0.22880   0.22145   1.52947   0.34029   0.27418  
 17 13.3712  12956.939941  x:  0.55902   0.23917   1.57272   0.22889   0.07043   0.28664   0.16003   0.02462   0.03503   0.02184   0.04654   0.06405   0.16825   0.22923   0.05220   0.07163   0.24596   0.34635   0.38241   0.22474   0.22056   1.53237   0.34000   0.27586  
 18 17.6775  12956.844109  x:  0.56107   0.23903   1.58188   0.22967   0.07141   0.28414   0.15997   0.02461   0.03505   0.02184   0.04656   0.06411   0.17029   0.22429   0.05224   0.07168   0.24411   0.34475   0.37400   0.23051   0.21989   1.53430   0.33965   0.27656  
 19 12.0998  12956.586806  x:  0.56531   0.24200   1.58627   0.22556   0.07458   0.27957   0.15968   0.02461   0.03513   0.02159   0.04668   0.06435   0.16551   0.22839   0.05224   0.07145   0.25368   0.34126   0.36579   0.23202   0.21357   1.53848   0.34083   0.27757  
 20  5.1905  12940.141693  x:  0.64330   0.24719   1.58551   0.18080   0.09520   0.31765   0.13986   0.02666   0.03664   0.01588   0.04865   0.06346   0.17848   0.24776   0.05307   0.06825   0.24218   0.29041   0.35619   0.19941   0.27857   1.71340   0.32083   0.24884  
 21  4.8651  12914.609530  x:  0.68659   0.21857   1.58034   0.22501   0.08347   0.28998   0.11094   0.02894   0.03913   0.00631   0.05205   0.06485   0.18454   0.25819   0.05361   0.06276   0.24362   0.35171   0.43395   0.24678   0.23576   1.97788   0.29239   0.30646  
 22 160.5933  12912.062665  x:  0.60139   0.25740   1.58762   0.22369   0.08289   0.29364   0.10802   0.02930   0.03932   0.00582   0.05229   0.06455   0.19221   0.26618   0.05390   0.06256   0.24993   0.36552   0.42301   0.25761   0.23039   1.99828   0.28946   0.27172  
 23 41.4411  12911.442163  x:  0.57513   0.28678   1.59149   0.22891   0.08485   0.28985   0.10729   0.02933   0.03944   0.00561   0.05246   0.06481   0.18922   0.26369   0.05374   0.06238   0.24668   0.35599   0.42382   0.25092   0.23655   2.00649   0.28902   0.29058  
 24 32.7138  12910.670645  x:  0.56691   0.28608   1.59203   0.23484   0.08751   0.31233   0.10604   0.02965   0.03952   0.00643   0.05253   0.06431   0.18366   0.26621   0.05361   0.06256   0.24432   0.33810   0.42881   0.26334   0.22399   2.01562   0.28853   0.29614  
 25  2.9293  12903.613529  x:  0.54872   0.30154   1.59354   0.24444   0.09173   0.25536   0.09590   0.02962   0.04037   0.01572   0.05384   0.06689   0.20435   0.27108   0.05411   0.06140   0.25274   0.36584   0.44126   0.25458   0.24139   2.10431   0.28785   0.29522  
 26  9.2590  12902.988845  x:  0.55453   0.31513   1.59340   0.23502   0.08489   0.26956   0.09497   0.02980   0.04040   0.01637   0.05387   0.06660   0.19946   0.27099   0.05405   0.06138   0.24958   0.39070   0.43292   0.25532   0.24218   2.11053   0.28750   0.30380  
 27 32.0907  12890.636470  x:  0.57192   0.28985   1.61420   0.24300   0.08606   0.28743   0.06001   0.03114   0.04152   0.01707   0.05554   0.06938   0.19733   0.27023   0.05256   0.06500   0.24897   0.37288   0.44975   0.26836   0.22040   2.37325   0.35463   0.30687  
 28  0.2353  12885.226127  x:  0.58996   0.27634   1.65239   0.22741   0.07495   0.29291   0.03930   0.02447   0.03800   0.01819   0.05135   0.06873   0.18054   0.25150   0.05272   0.06737   0.24096   0.35522   0.43758   0.24577   0.22514   2.44595   0.33819   0.30016  
 29  0.0527  12880.757655  x:  0.57259   0.28268   1.62160   0.21885   0.07791   0.28492   0.04768   0.01545   0.03033   0.01857   0.04156   0.06554   0.18262   0.25163   0.05317   0.06592   0.24731   0.35550   0.41099   0.23783   0.23569   2.26132   0.32458   0.28581  
 30  0.0776  12877.000364  x:  0.56677   0.28842   1.59548   0.22782   0.08524   0.28331   0.03997   0.01961   0.02247   0.01915   0.03031   0.05364   0.19091   0.26270   0.05367   0.06678   0.25043   0.36108   0.41787   0.25239   0.23011   2.19768   0.33391   0.29224  
 31  0.0512  12875.824680  x:  0.58055   0.27759   1.61935   0.23435   0.07793   0.28374   0.03811   0.01777   0.02065   0.01920   0.02827   0.05786   0.18643   0.25723   0.05182   0.06235   0.24191   0.36296   0.44000   0.25451   0.21874   2.24493   0.34451   0.30539  
 32  0.0318  12874.150857  x:  0.57306   0.27872   1.62975   0.23510   0.07421   0.28887   0.04764   0.02288   0.01691   0.01882   0.02322   0.05995   0.18443   0.25454   0.05283   0.06822   0.24076   0.36564   0.44893   0.25184   0.22543   2.29673   0.34477   0.30548  
 33  0.0177  12873.397808  x:  0.57242   0.28581   1.62700   0.23070   0.08019   0.28959   0.04380   0.02134   0.01569   0.01917   0.02211   0.06510   0.18822   0.26078   0.05321   0.06642   0.24642   0.36369   0.43838   0.25287   0.22979   2.36959   0.34024   0.29986  
 34  0.0572  12873.359593  x:  0.57589   0.28631   1.62803   0.23080   0.08098   0.28778   0.04457   0.02124   0.01609   0.01914   0.02276   0.06614   0.18868   0.26136   0.05297   0.06535   0.24563   0.36359   0.43550   0.25328   0.22694   2.37050   0.34065   0.30108  
 35  0.0064  12873.350379  x:  0.57655   0.28634   1.62826   0.23083   0.08116   0.28724   0.04455   0.02116   0.01568   0.01917   0.02229   0.06629   0.18871   0.26134   0.05289   0.06522   0.24511   0.36314   0.43430   0.25320   0.22581   2.36659   0.34088   0.30141  
 36  0.0043  12873.319491  x:  0.57431   0.28663   1.62873   0.23054   0.08142   0.28808   0.04326   0.02174   0.01553   0.01925   0.02267   0.06790   0.18865   0.26117   0.05294   0.06618   0.24416   0.36095   0.43273   0.25255   0.22528   2.36290   0.34152   0.30088  
 37  0.0011  12873.301202  x:  0.57576   0.28582   1.62588   0.23029   0.08092   0.28815   0.04308   0.02181   0.01533   0.01933   0.02284   0.06882   0.18855   0.26122   0.05300   0.06543   0.24535   0.36292   0.43420   0.25291   0.22670   2.35197   0.34039   0.30060  
 38  0.0065  12873.296698  x:  0.57553   0.28546   1.62699   0.23126   0.08060   0.28750   0.04292   0.02167   0.01525   0.01925   0.02301   0.06904   0.18827   0.26070   0.05294   0.06559   0.24504   0.36342   0.43521   0.25325   0.22575   2.35385   0.33971   0.30087  
 39  0.0009  12873.277132  x:  0.57478   0.28687   1.62782   0.23161   0.08124   0.28746   0.04327   0.02162   0.01471   0.01883   0.02350   0.06844   0.18863   0.26088   0.05297   0.06553   0.24503   0.36320   0.43443   0.25315   0.22686   2.35550   0.34024   0.30093  
 40  0.0004  12873.272586  x:  0.57596   0.28584   1.62657   0.23017   0.08079   0.28786   0.04330   0.02162   0.01460   0.01888   0.02384   0.06804   0.18850   0.26107   0.05299   0.06551   0.24536   0.36334   0.43433   0.25290   0.22633   2.35608   0.34041   0.30080  
 41  0.0015  12873.270259  x:  0.57567   0.28562   1.62643   0.23069   0.08083   0.28779   0.04341   0.02160   0.01455   0.01921   0.02385   0.06804   0.18852   0.26121   0.05295   0.06548   0.24512   0.36289   0.43474   0.25300   0.22631   2.35640   0.34041   0.30083  
 42  0.0004  12873.270139  x:  0.57562   0.28593   1.62684   0.23068   0.08090   0.28775   0.04343   0.02159   0.01453   0.01923   0.02386   0.06800   0.18851   0.26111   0.05297   0.06551   0.24519   0.36305   0.43452   0.25301   0.22638   2.35668   0.34040   0.30086  
 43  0.0006  12873.270137  x:  0.57562   0.28593   1.62686   0.23068   0.08091   0.28775   0.04343   0.02159   0.01453   0.01923   0.02386   0.06799   0.18851   0.26109   0.05297   0.06550   0.24521   0.36303   0.43453   0.25303   0.22637   2.35665   0.34040   0.30084  
 44  0.0001  12873.270137  x:  0.57562   0.28593   1.62685   0.23068   0.08091   0.28775   0.04343   0.02159   0.01453   0.01923   0.02386   0.06799   0.18851   0.26108   0.05297   0.06550   0.24521   0.36303   0.43454   0.25303   0.22637   2.35665   0.34040   0.30084  
 45  0.0000  12873.270137  x:  0.57562   0.28593   1.62685   0.23068   0.08091   0.28775   0.04343   0.02159   0.01453   0.01923   0.02386   0.06799   0.18851   0.26108   0.05297   0.06550   0.24521   0.36303   0.43454   0.25303   0.22637   2.35665   0.34040   0.30084  