

TREE # 1

  0  0.0000   9336.703801  x:  0.90000   0.42510   1.63259   5.00000  
  1 99.0000   9329.087435  x:  0.94394   0.44639   1.61963   4.99280  
  2 273.4356   9311.021450  x:  0.94814   0.69796   1.45844   4.93944  
  3 193.1460   9267.552297  x:  0.94188   0.42844   0.46334   4.48480  
  4 54.6954   9239.437977  x:  0.81919   0.32681   0.50894   2.42940  
  5 20.3729   9228.899038  x:  0.83464   0.17288   0.33512   2.47463  
  6  0.4752   9226.670471  x:  0.86478   0.19335   0.37798   2.80030  
  7  0.5994   9225.037743  x:  0.88933   0.18368   0.29552   2.84364  
  8  0.1514   9224.370985  x:  0.88849   0.20559   0.35382   2.65419  
  9  0.4251   9224.314784  x:  0.88752   0.19843   0.33830   2.61583  
 10  0.0563   9224.311994  x:  0.88818   0.19830   0.33479   2.62174  
 11  0.0080   9224.311842  x:  0.88836   0.19794   0.33417   2.62352  
 12  0.0038   9224.311841  x:  0.88836   0.19795   0.33420   2.62369  
 13  0.0002   9224.311841  x:  0.88836   0.19795   0.33420   2.62369  
 14  0.0000   9224.311841  x:  0.88836   0.19795   0.33420   2.62369  