Supplemental results for CODEML (seqf: /dados/leticia/codeml_tutorial/exercise4/ex4_results/seqfile.txt  treef: treefile_M7.txt)


MLEs of dN/dS (w) for site classes (K=10)

p:   0.10000  0.10000  0.10000  0.10000  0.10000  0.10000  0.10000  0.10000  0.10000  0.10000
w:   0.00000  0.00041  0.00702  0.04431  0.16425  0.40692  0.70397  0.91106  0.98822  0.99986

Naive Empirical Bayes (NEB) probabilities for 10 classes & postmean_w
(amino acids refer to 1st sequence: AJ344371)

   1 M   0.28292 0.28127 0.25611 0.15099 0.02777 0.00093 0.00002 0.00000 0.00000 0.00000 ( 1)  0.014
   2 G   0.25569 0.25479 0.24089 0.17557 0.06372 0.00836 0.00072 0.00013 0.00007 0.00006 ( 1)  0.024
   3 A   0.26537 0.26425 0.24700 0.16882 0.04991 0.00436 0.00023 0.00003 0.00001 0.00001 ( 1)  0.020
   4 S   0.26103 0.26002 0.24438 0.17221 0.05602 0.00585 0.00038 0.00006 0.00003 0.00003 ( 1)  0.021
   5 G   0.28905 0.28715 0.25853 0.14309 0.02167 0.00051 0.00001 0.00000 0.00000 0.00000 ( 1)  0.012
   6 S   0.21737 0.21700 0.21110 0.18073 0.10973 0.04011 0.01177 0.00503 0.00366 0.00349 ( 1)  0.064
   7 K   0.28020 0.27863 0.25485 0.15413 0.03090 0.00126 0.00003 0.00000 0.00000 0.00000 ( 1)  0.014
   8 R   0.00000 0.00000 0.00000 0.00001 0.01038 0.27537 0.32607 0.16348 0.11547 0.10921 ( 7)  0.716
   9 R   0.00000 0.00000 0.00000 0.00000 0.00000 0.00025 0.03206 0.21387 0.36312 0.39071 (10)  0.967
  10 S   0.21737 0.21700 0.21110 0.18073 0.10973 0.04011 0.01177 0.00503 0.00366 0.00349 ( 1)  0.064
  11 R   0.00000 0.00000 0.00000 0.00000 0.00000 0.00145 0.07706 0.25364 0.32856 0.33930 (10)  0.950
  12 S   0.00000 0.00215 0.03510 0.18162 0.35567 0.24365 0.08830 0.03870 0.02808 0.02674 ( 5)  0.318
  13 L   0.00000 0.00000 0.00000 0.00000 0.00001 0.00423 0.08993 0.25060 0.32220 0.33304 (10)  0.945
  14 Q   0.00000 0.00000 0.00000 0.00000 0.00073 0.05460 0.21965 0.25039 0.23860 0.23603 ( 8)  0.877
  15 G   0.00000 0.00000 0.00000 0.00033 0.06898 0.46340 0.26055 0.09294 0.05893 0.05487 ( 6)  0.581
  16 L   0.24519 0.24449 0.23352 0.18024 0.07860 0.01489 0.00200 0.00050 0.00030 0.00028 ( 1)  0.031
  17 Q   0.00000 0.00000 0.00000 0.00000 0.00000 0.00297 0.08493 0.25148 0.32485 0.33578 (10)  0.947
  18 E   0.00000 0.00000 0.00031 0.04838 0.52046 0.36369 0.04909 0.00908 0.00472 0.00427 ( 5)  0.287
  19 R   0.28398 0.28229 0.25654 0.14963 0.02669 0.00086 0.00001 0.00000 0.00000 0.00000 ( 1)  0.013
  20 L   0.21962 0.21923 0.21304 0.18124 0.10784 0.03788 0.01060 0.00438 0.00316 0.00301 ( 1)  0.060
  21 L   0.00000 0.00202 0.03302 0.17195 0.34402 0.24686 0.09521 0.04373 0.03231 0.03086 ( 5)  0.334
  22 R   0.00000 0.00000 0.00000 0.00004 0.01089 0.16404 0.27163 0.20803 0.17516 0.17021 ( 7)  0.793
  23 A   0.00000 0.00000 0.00014 0.02447 0.35585 0.44117 0.11218 0.03084 0.01838 0.01697 ( 6)  0.381
  24 R   0.00000 0.00000 0.00000 0.00000 0.00003 0.01004 0.12095 0.25685 0.30291 0.30921 (10)  0.932
  25 G   0.00000 0.00000 0.00047 0.06869 0.61078 0.28980 0.02427 0.00321 0.00147 0.00131 ( 5)  0.244
  26 E   0.00000 0.00000 0.00000 0.00000 0.00347 0.15577 0.30748 0.20976 0.16498 0.15854 ( 7)  0.793
  27 T   0.00000 0.00000 0.00000 0.00000 0.00014 0.01868 0.14542 0.25721 0.28740 0.29115 (10)  0.919
  28 C   0.00000 0.00000 0.00000 0.00000 0.00101 0.04902 0.19786 0.25071 0.25108 0.25032 ( 9)  0.886
  29 G   0.27741 0.27595 0.25353 0.15727 0.03416 0.00163 0.00004 0.00000 0.00000 0.00000 ( 1)  0.015
  30 G   0.00000 0.00000 0.00001 0.00855 0.32774 0.51519 0.10389 0.02205 0.01182 0.01075 ( 6)  0.380
  31 R   0.00000 0.00000 0.00000 0.00000 0.00000 0.00000 0.00621 0.15414 0.39232 0.44732 (10)  0.980
  32 C   0.00000 0.00000 0.00000 0.00000 0.00000 0.00080 0.04745 0.22784 0.35117 0.37274 (10)  0.961
  33 N   0.00000 0.00000 0.00000 0.00000 0.00000 0.00000 0.00242 0.12717 0.40029 0.47011 (10)  0.983
  34 E   0.00000 0.00000 0.00000 0.00000 0.00000 0.00182 0.09303 0.26284 0.31773 0.32459 (10)  0.944
  35 S   0.00000 0.00000 0.00109 0.03485 0.23348 0.33806 0.17566 0.08778 0.06596 0.06312 ( 6)  0.509
  36 E   0.00000 0.00000 0.00000 0.00000 0.00004 0.03211 0.24135 0.26322 0.23430 0.22899 ( 8)  0.883
  37 G   0.00000 0.00000 0.00000 0.00005 0.03246 0.38885 0.29781 0.12279 0.08156 0.07646 ( 6)  0.642
  38 G   0.00000 0.00000 0.00000 0.00000 0.00009 0.05166 0.27865 0.25299 0.21165 0.20497 ( 7)  0.862
  39 Y   0.00000 0.00000 0.00000 0.00015 0.01462 0.14079 0.24117 0.21569 0.19543 0.19214 ( 7)  0.811
  40 L   0.00000 0.00000 0.00000 0.00000 0.00000 0.00089 0.04832 0.22783 0.35071 0.37225 (10)  0.961
  41 Q   0.00000 0.00000 0.00000 0.00000 0.00308 0.10009 0.25205 0.23294 0.20800 0.20384 ( 7)  0.840
  42 S   0.00000 0.00000 0.00000 0.00000 0.00000 0.00137 0.05421 0.23074 0.34676 0.36692 (10)  0.958
  43 H   0.00000 0.00000 0.00010 0.01697 0.27895 0.44113 0.15009 0.05034 0.03228 0.03014 ( 6)  0.440
  44 E   0.00000 0.00000 0.00000 0.00034 0.12536 0.61948 0.17630 0.03890 0.02077 0.01885 ( 6)  0.472
  45 G   0.00000 0.00000 0.00000 0.00000 0.00004 0.03539 0.25378 0.26183 0.22748 0.22148 ( 8)  0.878
  46 S   0.25247 0.25164 0.23871 0.17730 0.06835 0.01011 0.00100 0.00021 0.00011 0.00010 ( 1)  0.026
  47 G   0.00000 0.00000 0.00000 0.00000 0.00030 0.03056 0.17743 0.25713 0.26703 0.26756 (10)  0.903
  48 R   0.00000 0.00000 0.00000 0.00507 0.23333 0.51969 0.15395 0.04151 0.02419 0.02225 ( 6)  0.442
  49 E   0.00000 0.00000 0.00000 0.00000 0.00980 0.26312 0.32285 0.16835 0.12105 0.11482 ( 7)  0.724
  50 Q   0.25171 0.25089 0.23818 0.17766 0.06944 0.01056 0.00108 0.00023 0.00013 0.00012 ( 1)  0.027
  51 R   0.00000 0.00000 0.00000 0.00000 0.00002 0.01908 0.19581 0.26838 0.25971 0.25700 ( 8)  0.904
  52 S   0.00000 0.00000 0.00000 0.00002 0.00541 0.10419 0.23823 0.23073 0.21231 0.20911 ( 7)  0.840
  53 P   0.00000 0.00000 0.00040 0.01374 0.11360 0.25022 0.21505 0.15158 0.12930 0.12610 ( 6)  0.664
  54 S   0.21771 0.21733 0.21140 0.18081 0.10945 0.03978 0.01159 0.00493 0.00358 0.00342 ( 1)  0.063
  55 C   0.00001 0.00316 0.05121 0.25101 0.41306 0.19940 0.04725 0.01544 0.01005 0.00941 ( 5)  0.227
  56 E   0.28250 0.28086 0.25585 0.15133 0.02839 0.00104 0.00002 0.00000 0.00000 0.00000 ( 1)  0.014
  57 G   0.28809 0.28623 0.25817 0.14435 0.02258 0.00057 0.00001 0.00000 0.00000 0.00000 ( 1)  0.012
  58 Q   0.00000 0.00001 0.00148 0.04666 0.29892 0.36844 0.14620 0.05898 0.04079 0.03853 ( 6)  0.437
  59 R   0.00000 0.00000 0.00000 0.00000 0.00092 0.06139 0.22512 0.24742 0.23395 0.23121 ( 8)  0.871
  60 Y   0.24505 0.24435 0.23342 0.18032 0.07882 0.01496 0.00200 0.00050 0.00030 0.00028 ( 1)  0.031
  61 Q   0.00000 0.00000 0.00000 0.00000 0.00011 0.02146 0.16570 0.26067 0.27547 0.27660 (10)  0.912
  62 E   0.00000 0.00000 0.00000 0.00006 0.01489 0.19315 0.27746 0.19664 0.16147 0.15634 ( 7)  0.771
  63 G   0.28750 0.28566 0.25794 0.14513 0.02316 0.00061 0.00001 0.00000 0.00000 0.00000 ( 1)  0.012
  64 D   0.00000 0.00000 0.00016 0.02763 0.38487 0.43596 0.09876 0.02497 0.01441 0.01324 ( 6)  0.362
  65 Y   0.00000 0.00000 0.00120 0.03803 0.24944 0.34515 0.16892 0.08073 0.05963 0.05691 ( 6)  0.491
  66 M   0.00000 0.00004 0.01005 0.23758 0.61283 0.13138 0.00685 0.00071 0.00030 0.00026 ( 5)  0.171
  67 N   0.26970 0.26846 0.24950 0.16507 0.04399 0.00312 0.00013 0.00001 0.00001 0.00001 ( 1)  0.018
  68 T   0.23222 0.23170 0.22352 0.18251 0.09520 0.02567 0.00522 0.00173 0.00115 0.00108 ( 1)  0.043
  69 P   0.26474 0.26364 0.24664 0.16937 0.05078 0.00453 0.00024 0.00003 0.00002 0.00001 ( 1)  0.020
  70 W   0.00000 0.00000 0.00122 0.03855 0.25182 0.34577 0.16784 0.07980 0.05884 0.05614 ( 6)  0.489
  71 R   0.00000 0.00000 0.00000 0.00161 0.19964 0.58866 0.14624 0.03168 0.01686 0.01530 ( 6)  0.436
  72 T   0.00000 0.00000 0.00000 0.00000 0.00000 0.00070 0.04716 0.22874 0.35109 0.37231 (10)  0.961
  73 P   0.00001 0.00547 0.08679 0.37725 0.42303 0.09519 0.00908 0.00160 0.00083 0.00075 ( 5)  0.135
  74 A   0.00000 0.00000 0.00000 0.00068 0.10768 0.51161 0.22419 0.07143 0.04381 0.04060 ( 6)  0.533
  75 T   0.00000 0.00000 0.00000 0.00000 0.00000 0.00015 0.03236 0.21949 0.36142 0.38658 (10)  0.966
  76 E   0.00000 0.00000 0.00067 0.09189 0.67042 0.22167 0.01284 0.00138 0.00059 0.00052 ( 5)  0.216
  77 R   0.00000 0.00000 0.00000 0.00000 0.00000 0.00024 0.03967 0.22882 0.35498 0.37630 (10)  0.964
  78 E   0.00002 0.00852 0.13142 0.48976 0.33873 0.03034 0.00104 0.00010 0.00004 0.00003 ( 4)  0.092
  79 K   0.00000 0.00000 0.00000 0.00000 0.00000 0.00933 0.16700 0.27297 0.27598 0.27472 ( 9)  0.917
  80 E   0.00000 0.00000 0.00000 0.00000 0.00000 0.00358 0.11214 0.26549 0.30700 0.31179 (10)  0.937
  81 L   0.00000 0.00000 0.00000 0.00000 0.00000 0.00013 0.02529 0.20438 0.36926 0.40094 (10)  0.970
  82 Y   0.00001 0.00239 0.03896 0.19885 0.37289 0.23465 0.07702 0.03160 0.02239 0.02125 ( 5)  0.292
  83 K   0.00000 0.00000 0.00000 0.00000 0.00010 0.03942 0.23893 0.25904 0.23362 0.22889 ( 8)  0.880
  84 Q   0.26178 0.26075 0.24481 0.17156 0.05497 0.00565 0.00037 0.00006 0.00003 0.00003 ( 1)  0.021
  85 Q   0.00001 0.00514 0.08173 0.36107 0.42721 0.10796 0.01203 0.00238 0.00129 0.00118 ( 5)  0.144
  86 N   0.27044 0.26919 0.24992 0.16441 0.04298 0.00292 0.00011 0.00001 0.00001 0.00000 ( 1)  0.018
  87 M   0.28292 0.28127 0.25611 0.15099 0.02777 0.00093 0.00002 0.00000 0.00000 0.00000 ( 1)  0.014
  88 D   0.27455 0.27318 0.25211 0.16034 0.03767 0.00208 0.00006 0.00001 0.00000 0.00000 ( 1)  0.016
  89 D   0.00002 0.00689 0.10788 0.43640 0.38922 0.05575 0.00312 0.00038 0.00018 0.00016 ( 4)  0.110
  90 V   0.00002 0.00796 0.12352 0.47351 0.35649 0.03683 0.00142 0.00014 0.00006 0.00005 ( 4)  0.097
  91 D   0.27465 0.27327 0.25216 0.16025 0.03754 0.00206 0.00006 0.00001 0.00000 0.00000 ( 1)  0.016
  92 L   0.00000 0.00000 0.00000 0.00000 0.00118 0.05568 0.20910 0.24902 0.24332 0.24168 ( 8)  0.879
  93 D   0.00002 0.00711 0.11107 0.44443 0.38291 0.05124 0.00265 0.00031 0.00014 0.00012 ( 4)  0.107
  94 D   0.00002 0.00705 0.11021 0.44232 0.38465 0.05239 0.00276 0.00033 0.00015 0.00013 ( 4)  0.107
  95 D   0.00000 0.00000 0.00001 0.00547 0.24526 0.52053 0.14708 0.03870 0.02238 0.02057 ( 6)  0.434
  96 D   0.00000 0.00000 0.00015 0.02566 0.36770 0.44039 0.10641 0.02807 0.01645 0.01516 ( 6)  0.373
  97 Q   0.00000 0.00000 0.00000 0.00000 0.00003 0.01075 0.12707 0.25873 0.29908 0.30433 (10)  0.929
  98 V   0.00000 0.00000 0.00000 0.00100 0.14258 0.55496 0.19179 0.05200 0.03006 0.02761 ( 6)  0.489
  99 G   0.28160 0.27999 0.25548 0.15248 0.02932 0.00110 0.00002 0.00000 0.00000 0.00000 ( 1)  0.014
 100 F   0.00000 0.00000 0.00000 0.00001 0.00302 0.07147 0.21011 0.24195 0.23737 0.23606 ( 8)  0.869
 101 P   0.00000 0.00000 0.00000 0.00000 0.00000 0.00014 0.02446 0.20134 0.37049 0.40356 (10)  0.970
 102 V   0.23429 0.23375 0.22517 0.18236 0.09272 0.02380 0.00458 0.00147 0.00096 0.00090 ( 1)  0.041
 103 T   0.00000 0.00000 0.00000 0.00000 0.00024 0.05160 0.24968 0.25361 0.22496 0.21990 ( 8)  0.870
 104 P   0.00000 0.00002 0.00460 0.12581 0.51841 0.28395 0.04587 0.01030 0.00577 0.00528 ( 5)  0.259
 105 K   0.00000 0.00000 0.00000 0.00000 0.00075 0.10556 0.31156 0.22857 0.18034 0.17323 ( 7)  0.822
 106 V   0.00000 0.00000 0.00000 0.00065 0.10388 0.50519 0.22785 0.07411 0.04581 0.04251 ( 6)  0.538
 107 P   0.00000 0.00000 0.00000 0.00000 0.00133 0.08087 0.25248 0.24073 0.21453 0.21007 ( 7)  0.852
 108 L   0.00001 0.00287 0.04661 0.23173 0.39965 0.21328 0.05771 0.02081 0.01407 0.01326 ( 5)  0.250
 109 R   0.28304 0.28138 0.25613 0.15078 0.02770 0.00094 0.00002 0.00000 0.00000 0.00000 ( 1)  0.014
 110 P   0.00000 0.00000 0.00000 0.00000 0.00000 0.00011 0.03105 0.21975 0.36203 0.38705 (10)  0.967
 111 M   0.28292 0.28127 0.25611 0.15099 0.02777 0.00093 0.00002 0.00000 0.00000 0.00000 ( 1)  0.014
 112 T   0.27514 0.27375 0.25241 0.15975 0.03692 0.00197 0.00006 0.00001 0.00000 0.00000 ( 1)  0.016
 113 F   0.00000 0.00000 0.00000 0.00000 0.00019 0.02288 0.15786 0.25760 0.27953 0.28194 (10)  0.913
 114 K   0.00000 0.00000 0.00000 0.00000 0.00083 0.09209 0.29022 0.23532 0.19395 0.18759 ( 7)  0.836
 115 L   0.00000 0.00000 0.00000 0.00000 0.00006 0.01070 0.11568 0.25358 0.30618 0.31380 (10)  0.933
 116 A   0.27961 0.27807 0.25458 0.15482 0.03156 0.00132 0.00003 0.00000 0.00000 0.00000 ( 1)  0.015
 117 V   0.00000 0.00000 0.00000 0.00000 0.00000 0.00822 0.15268 0.27174 0.28366 0.28369 (10)  0.922
 118 D   0.27333 0.27199 0.25145 0.16154 0.03925 0.00234 0.00008 0.00001 0.00000 0.00000 ( 1)  0.017
 119 M   0.28292 0.28127 0.25611 0.15099 0.02777 0.00093 0.00002 0.00000 0.00000 0.00000 ( 1)  0.014
 120 S   0.25222 0.25139 0.23853 0.17742 0.06872 0.01026 0.00103 0.00021 0.00012 0.00011 ( 1)  0.026
 121 H   0.00000 0.00001 0.00363 0.10285 0.47143 0.31867 0.06593 0.01748 0.01039 0.00960 ( 5)  0.294
 122 F   0.00000 0.00000 0.00000 0.00000 0.00000 0.00169 0.06456 0.23996 0.33880 0.35499 (10)  0.955
 123 L   0.00002 0.00905 0.13906 0.50596 0.32172 0.02353 0.00059 0.00004 0.00002 0.00001 ( 4)  0.086
 124 K   0.29345 0.29137 0.26004 0.13705 0.01778 0.00031 0.00000 0.00000 0.00000 0.00000 ( 1)  0.011
 125 E   0.00000 0.00000 0.00000 0.00000 0.00024 0.06636 0.28094 0.24602 0.20638 0.20007 ( 7)  0.853
 126 K   0.00000 0.00000 0.00042 0.06251 0.58761 0.31151 0.02978 0.00431 0.00204 0.00182 ( 5)  0.255
 127 G   0.27725 0.27579 0.25345 0.15745 0.03435 0.00165 0.00004 0.00000 0.00000 0.00000 ( 1)  0.015
 128 G   0.28927 0.28737 0.25861 0.14279 0.02146 0.00050 0.00001 0.00000 0.00000 0.00000 ( 1)  0.012
 129 L   0.23398 0.23344 0.22493 0.18240 0.09311 0.02408 0.00466 0.00150 0.00098 0.00092 ( 1)  0.041
 130 E   0.00003 0.01102 0.16648 0.55025 0.26075 0.01129 0.00017 0.00001 0.00000 0.00000 ( 4)  0.073
 131 G   0.27760 0.27612 0.25362 0.15706 0.03395 0.00160 0.00004 0.00000 0.00000 0.00000 ( 1)  0.015
 132 I   0.00000 0.00000 0.00001 0.01040 0.37422 0.50609 0.08138 0.01435 0.00714 0.00641 ( 6)  0.352
 133 F   0.00000 0.00000 0.00000 0.00024 0.02116 0.17737 0.25525 0.20158 0.17428 0.17012 ( 7)  0.781
 134 Y   0.00001 0.00254 0.04132 0.20921 0.38239 0.22859 0.07054 0.02774 0.01935 0.01832 ( 5)  0.278
 135 S   0.00000 0.00000 0.00009 0.01599 0.26951 0.44335 0.15473 0.05201 0.03326 0.03105 ( 6)  0.446
 136 H   0.00000 0.00000 0.00000 0.00000 0.00111 0.12812 0.31845 0.21871 0.17028 0.16332 ( 7)  0.807
 137 R   0.00000 0.00000 0.00000 0.00151 0.19084 0.58696 0.15227 0.03381 0.01814 0.01648 ( 6)  0.443
 138 R   0.28378 0.28210 0.25645 0.14988 0.02690 0.00087 0.00001 0.00000 0.00000 0.00000 ( 1)  0.013
 139 H   0.00000 0.00001 0.00371 0.10475 0.47576 0.31592 0.06404 0.01675 0.00991 0.00915 ( 5)  0.291
 140 K   0.00000 0.00000 0.00000 0.00000 0.00005 0.03490 0.24726 0.26217 0.23064 0.22498 ( 8)  0.880
 141 I   0.23723 0.23665 0.22750 0.18213 0.08918 0.02117 0.00369 0.00110 0.00070 0.00065 ( 1)  0.038
 142 L   0.23486 0.23431 0.22560 0.18221 0.09193 0.02335 0.00447 0.00144 0.00095 0.00089 ( 1)  0.041
 143 D   0.27041 0.26916 0.24990 0.16443 0.04303 0.00294 0.00012 0.00001 0.00001 0.00000 ( 1)  0.018
 144 L   0.00000 0.00000 0.00000 0.00001 0.01471 0.34469 0.32888 0.13734 0.09011 0.08426 ( 6)  0.673
 145 Y   0.23579 0.23522 0.22636 0.18225 0.09092 0.02246 0.00412 0.00128 0.00083 0.00077 ( 1)  0.039
 146 L   0.00001 0.00235 0.03838 0.19607 0.36916 0.23529 0.07914 0.03323 0.02377 0.02259 ( 5)  0.297
 147 E   0.00002 0.01053 0.15972 0.54026 0.27544 0.01375 0.00024 0.00001 0.00001 0.00000 ( 4)  0.076
 148 K   0.00000 0.00000 0.00001 0.00855 0.32780 0.51532 0.10383 0.02200 0.01178 0.01071 ( 6)  0.379
 149 E   0.00000 0.00006 0.01530 0.32332 0.59087 0.06827 0.00194 0.00014 0.00005 0.00005 ( 5)  0.141
 150 E   0.00002 0.00933 0.14288 0.51187 0.31300 0.02223 0.00059 0.00005 0.00002 0.00002 ( 4)  0.085
 151 G   0.27840 0.27690 0.25400 0.15617 0.03299 0.00149 0.00004 0.00000 0.00000 0.00000 ( 1)  0.015
 152 I   0.00000 0.00005 0.01183 0.26867 0.61134 0.10333 0.00415 0.00036 0.00014 0.00013 ( 5)  0.158
 153 V   0.00000 0.00000 0.00000 0.00031 0.02682 0.20397 0.26151 0.19098 0.16045 0.15595 ( 7)  0.760
 154 A   0.00000 0.00000 0.00000 0.00000 0.00254 0.12110 0.28426 0.22436 0.18674 0.18101 ( 7)  0.820
 155 D   0.27402 0.27266 0.25182 0.16086 0.03835 0.00219 0.00007 0.00001 0.00000 0.00000 ( 1)  0.016
 156 W   0.23907 0.23846 0.22892 0.18183 0.08684 0.01962 0.00322 0.00092 0.00058 0.00054 ( 1)  0.036
 157 Q   0.25213 0.25131 0.23847 0.17745 0.06883 0.01032 0.00104 0.00022 0.00012 0.00011 ( 1)  0.026
 158 N   0.00000 0.00000 0.00000 0.00021 0.04290 0.34905 0.28426 0.13589 0.09640 0.09130 ( 6)  0.660
 159 Y   0.24525 0.24454 0.23357 0.18026 0.07855 0.01481 0.00197 0.00049 0.00029 0.00027 ( 1)  0.031
 160 T   0.00001 0.00278 0.04526 0.22625 0.39662 0.21767 0.06038 0.02202 0.01493 0.01408 ( 5)  0.255
 161 H   0.00000 0.00000 0.00009 0.01536 0.26181 0.44100 0.15881 0.05467 0.03529 0.03298 ( 6)  0.453
 162 G   0.27725 0.27579 0.25345 0.15745 0.03435 0.00165 0.00004 0.00000 0.00000 0.00000 ( 1)  0.015
 163 P   0.26475 0.26365 0.24665 0.16936 0.05075 0.00453 0.00024 0.00003 0.00002 0.00001 ( 1)  0.020
 164 G   0.28893 0.28704 0.25848 0.14324 0.02178 0.00052 0.00001 0.00000 0.00000 0.00000 ( 1)  0.012
 165 T   0.00000 0.00000 0.00000 0.00000 0.00000 0.00002 0.01745 0.20047 0.37465 0.40741 (10)  0.973
 166 R   0.27890 0.27738 0.25423 0.15558 0.03243 0.00144 0.00003 0.00000 0.00000 0.00000 ( 1)  0.015
 167 Y   0.00000 0.00000 0.00001 0.00301 0.07495 0.26937 0.24279 0.15731 0.12832 0.12424 ( 6)  0.687
 168 P   0.26333 0.26227 0.24579 0.17047 0.05275 0.00502 0.00029 0.00004 0.00002 0.00002 ( 1)  0.020
 169 M   0.00000 0.00000 0.00000 0.00000 0.00000 0.00796 0.14791 0.27015 0.28658 0.28739 (10)  0.924
 170 F   0.00000 0.00000 0.00000 0.00000 0.00000 0.00001 0.00974 0.16731 0.38715 0.43579 (10)  0.978
 171 F   0.00000 0.00000 0.00129 0.04068 0.26208 0.34949 0.16332 0.07553 0.05511 0.05250 ( 6)  0.478
 172 G   0.27870 0.27719 0.25415 0.15583 0.03264 0.00145 0.00004 0.00000 0.00000 0.00000 ( 1)  0.015
 173 W   0.23907 0.23846 0.22892 0.18183 0.08684 0.01962 0.00322 0.00092 0.00058 0.00054 ( 1)  0.036
 174 L   0.24705 0.24631 0.23488 0.17965 0.07605 0.01354 0.00168 0.00040 0.00023 0.00022 ( 1)  0.030
 175 W   0.23907 0.23846 0.22892 0.18183 0.08684 0.01962 0.00322 0.00092 0.00058 0.00054 ( 1)  0.036
 176 K   0.28281 0.28116 0.25601 0.15102 0.02800 0.00098 0.00002 0.00000 0.00000 0.00000 ( 1)  0.014
 177 L   0.24686 0.24612 0.23474 0.17972 0.07632 0.01367 0.00170 0.00041 0.00024 0.00022 ( 1)  0.030
 178 V   0.00002 0.00779 0.12104 0.46788 0.36184 0.03949 0.00163 0.00017 0.00007 0.00006 ( 4)  0.099
 179 P   0.26530 0.26418 0.24698 0.16892 0.04999 0.00435 0.00023 0.00003 0.00001 0.00001 ( 1)  0.020
 180 V   0.27825 0.27676 0.25393 0.15633 0.03317 0.00151 0.00004 0.00000 0.00000 0.00000 ( 1)  0.015
 181 D   0.00000 0.00000 0.00000 0.00000 0.00109 0.09832 0.28707 0.23313 0.19327 0.18712 ( 7)  0.833
 182 V   0.00000 0.00000 0.00000 0.00000 0.00000 0.00000 0.00687 0.15507 0.39161 0.44644 (10)  0.979
 183 P   0.00000 0.00000 0.00000 0.00001 0.00750 0.17468 0.29256 0.20367 0.16369 0.15789 ( 7)  0.783
 184 R   0.00000 0.00000 0.00000 0.00000 0.00077 0.06158 0.23595 0.24850 0.22847 0.22473 ( 8)  0.868
 185 E   0.00000 0.00000 0.00000 0.00002 0.01249 0.23465 0.30582 0.18025 0.13640 0.13038 ( 7)  0.742
 186 D   0.00000 0.00000 0.00000 0.00000 0.00000 0.00006 0.02082 0.19970 0.37293 0.40649 (10)  0.972
 187 E   0.00000 0.00000 0.00000 0.00006 0.03420 0.39128 0.29334 0.12221 0.08195 0.07696 ( 6)  0.641
 188 A   0.00000 0.00000 0.00000 0.00001 0.00407 0.08670 0.22451 0.23693 0.22506 0.22272 ( 8)  0.855
 189 N   0.00000 0.00000 0.00000 0.00005 0.01284 0.17840 0.27476 0.20242 0.16829 0.16324 ( 7)  0.782
 190 C   0.00000 0.00000 0.00095 0.03057 0.21232 0.32929 0.18475 0.09693 0.07410 0.07108 ( 6)  0.533
 191 L   0.23507 0.23451 0.22576 0.18218 0.09166 0.02317 0.00442 0.00142 0.00093 0.00087 ( 1)  0.040
 192 L   0.00000 0.00000 0.00000 0.00000 0.00000 0.00222 0.07826 0.25024 0.32876 0.34052 (10)  0.949
 193 H   0.25412 0.25325 0.23986 0.17651 0.06599 0.00912 0.00083 0.00016 0.00009 0.00008 ( 1)  0.025
 194 P   0.26530 0.26418 0.24698 0.16892 0.04999 0.00435 0.00023 0.00003 0.00001 0.00001 ( 1)  0.020
 195 A   0.27947 0.27794 0.25452 0.15498 0.03172 0.00134 0.00003 0.00000 0.00000 0.00000 ( 1)  0.015
 196 Q   0.26301 0.26195 0.24557 0.17065 0.05323 0.00518 0.00032 0.00005 0.00002 0.00002 ( 1)  0.021
 197 T   0.00000 0.00000 0.00000 0.00000 0.00016 0.04008 0.22719 0.25831 0.23906 0.23520 ( 8)  0.883
 198 S   0.00000 0.00000 0.00000 0.00005 0.01359 0.18495 0.27706 0.19987 0.16482 0.15966 ( 7)  0.777
 199 R   0.00000 0.00000 0.00000 0.00000 0.00000 0.00003 0.01968 0.20130 0.37316 0.40582 (10)  0.972
 200 F   0.00000 0.00000 0.00000 0.00023 0.02100 0.17655 0.25499 0.20191 0.17473 0.17059 ( 7)  0.782
 201 D   0.00002 0.00701 0.10971 0.44101 0.38559 0.05317 0.00285 0.00034 0.00015 0.00014 ( 4)  0.108
 202 D   0.26792 0.26674 0.24850 0.16669 0.04638 0.00357 0.00016 0.00002 0.00001 0.00001 ( 1)  0.018
 203 Q   0.00000 0.00000 0.00000 0.00000 0.00162 0.07153 0.23206 0.24403 0.22699 0.22376 ( 8)  0.863
 204 H   0.26071 0.25971 0.24417 0.17241 0.05648 0.00600 0.00040 0.00006 0.00003 0.00003 ( 1)  0.022
 205 G   0.00000 0.00003 0.00795 0.19737 0.59740 0.17904 0.01436 0.00203 0.00096 0.00086 ( 5)  0.194
 206 E   0.00002 0.00976 0.14899 0.52267 0.29929 0.01877 0.00044 0.00003 0.00001 0.00001 ( 4)  0.081
 207 T   0.00000 0.00000 0.00000 0.00003 0.01873 0.29424 0.30950 0.15753 0.11291 0.10706 ( 7)  0.703
 208 L   0.24097 0.24034 0.23037 0.18140 0.08430 0.01810 0.00281 0.00078 0.00048 0.00045 ( 1)  0.035
 209 V   0.00000 0.00000 0.00000 0.00000 0.00059 0.03444 0.17255 0.25380 0.26860 0.27003 (10)  0.902
 210 W   0.23907 0.23846 0.22892 0.18183 0.08684 0.01962 0.00322 0.00092 0.00058 0.00054 ( 1)  0.036
 211 R   0.00000 0.00000 0.00000 0.00000 0.00022 0.03944 0.21879 0.25827 0.24328 0.24001 ( 8)  0.886
 212 F   0.24094 0.24031 0.23037 0.18152 0.08442 0.01804 0.00276 0.00075 0.00046 0.00043 ( 1)  0.034
 213 D   0.26792 0.26674 0.24850 0.16669 0.04637 0.00357 0.00016 0.00002 0.00001 0.00001 ( 1)  0.018
 214 P   0.00000 0.00000 0.00000 0.00000 0.00030 0.02179 0.14302 0.25389 0.28819 0.29281 (10)  0.918
 215 T   0.00000 0.00000 0.00001 0.00937 0.35005 0.51347 0.09217 0.01766 0.00908 0.00819 ( 6)  0.365
 216 L   0.23576 0.23520 0.22633 0.18224 0.09095 0.02249 0.00413 0.00128 0.00083 0.00078 ( 1)  0.040
 217 A   0.23922 0.23861 0.22903 0.18177 0.08660 0.01952 0.00321 0.00092 0.00058 0.00054 ( 1)  0.036
 218 Y   0.00000 0.00000 0.00000 0.00000 0.00000 0.00093 0.05353 0.23413 0.34625 0.36516 (10)  0.959
 219 D   0.00000 0.00000 0.00000 0.00000 0.00000 0.00003 0.01994 0.20247 0.37271 0.40485 (10)  0.972
 220 Y   0.23811 0.23752 0.22817 0.18195 0.08802 0.02045 0.00348 0.00103 0.00065 0.00061 ( 1)  0.037
 221 T   0.00000 0.00000 0.00000 0.00000 0.00000 0.00001 0.00961 0.17273 0.38610 0.43155 (10)  0.977
 222 A   0.23534 0.23478 0.22601 0.18230 0.09147 0.02285 0.00425 0.00133 0.00086 0.00081 ( 1)  0.040
 223 F   0.00000 0.00000 0.00002 0.00332 0.08121 0.28160 0.24220 0.15163 0.12207 0.11795 ( 6)  0.675
 224 N   0.00000 0.00000 0.00000 0.00000 0.00000 0.00000 0.00299 0.13012 0.39917 0.46772 (10)  0.983
 225 R   0.00000 0.00000 0.00000 0.00000 0.00000 0.00000 0.00268 0.12427 0.40023 0.47282 (10)  0.983
 226 F   0.00000 0.00000 0.00000 0.00000 0.00000 0.00002 0.01115 0.17278 0.38505 0.43100 (10)  0.977
 227 P   0.26516 0.26405 0.24689 0.16903 0.05018 0.00439 0.00023 0.00003 0.00001 0.00001 ( 1)  0.020
 228 E   0.28170 0.28009 0.25550 0.15230 0.02927 0.00112 0.00002 0.00000 0.00000 0.00000 ( 1)  0.014
 229 E   0.29158 0.28957 0.25939 0.13959 0.01946 0.00040 0.00000 0.00000 0.00000 0.00000 ( 1)  0.011
 230 F   0.24059 0.23995 0.23009 0.18157 0.08488 0.01835 0.00285 0.00078 0.00049 0.00045 ( 1)  0.035
 231 G   0.00000 0.00000 0.00000 0.00000 0.00300 0.18076 0.33113 0.19801 0.14705 0.14005 ( 7)  0.773
 232 H   0.00000 0.00000 0.00000 0.00000 0.00000 0.00220 0.07345 0.24556 0.33255 0.34623 (10)  0.951
 233 N   0.00000 0.00000 0.00000 0.00000 0.00728 0.22705 0.32260 0.18181 0.13386 0.12739 ( 7)  0.746
 234 S   0.25247 0.25164 0.23871 0.17730 0.06835 0.01011 0.00100 0.00021 0.00011 0.00010 ( 1)  0.026
 235 G   0.00001 0.00405 0.06504 0.30406 0.43075 0.15518 0.02619 0.00684 0.00410 0.00380 ( 5)  0.180
 236 L   0.00001 0.00282 0.04585 0.22863 0.39796 0.21577 0.05921 0.02149 0.01455 0.01371 ( 5)  0.253
 237 P   0.00000 0.00000 0.00011 0.01968 0.30970 0.44630 0.13421 0.04104 0.02538 0.02357 ( 6)  0.414
 238 E   0.28947 0.28756 0.25865 0.14245 0.02135 0.00051 0.00001 0.00000 0.00000 0.00000 ( 1)  0.012
 239 K   0.00000 0.00000 0.00000 0.00000 0.00000 0.00318 0.11435 0.26797 0.30528 0.30923 (10)  0.937
 240 E   0.00002 0.00863 0.13307 0.49314 0.33507 0.02897 0.00095 0.00009 0.00003 0.00003 ( 4)  0.090
 241 W   0.23907 0.23846 0.22892 0.18183 0.08684 0.01962 0.00322 0.00092 0.00058 0.00054 ( 1)  0.036
 242 K   0.00000 0.00000 0.00034 0.05255 0.54487 0.34817 0.04096 0.00676 0.00335 0.00301 ( 5)  0.275
 243 A   0.27436 0.27299 0.25200 0.16051 0.03793 0.00213 0.00007 0.00001 0.00000 0.00000 ( 1)  0.016
 244 R   0.00000 0.00000 0.00000 0.00000 0.00099 0.12784 0.32992 0.21813 0.16531 0.15782 ( 7)  0.804
 245 L   0.23431 0.23376 0.22518 0.18238 0.09272 0.02378 0.00456 0.00146 0.00095 0.00089 ( 1)  0.041
 246 K   0.29345 0.29137 0.26004 0.13705 0.01778 0.00031 0.00000 0.00000 0.00000 0.00000 ( 1)  0.011
 247 A   0.27961 0.27807 0.25458 0.15482 0.03156 0.00132 0.00003 0.00000 0.00000 0.00000 ( 1)  0.015
 248 R   0.28304 0.28138 0.25612 0.15076 0.02772 0.00095 0.00002 0.00000 0.00000 0.00000 ( 1)  0.014
 249 G   0.28192 0.28030 0.25563 0.15212 0.02895 0.00106 0.00002 0.00000 0.00000 0.00000 ( 1)  0.014
 250 I   0.28751 0.28568 0.25798 0.14518 0.02306 0.00058 0.00001 0.00000 0.00000 0.00000 ( 1)  0.012
 251 P   0.26141 0.26039 0.24460 0.17189 0.05548 0.00574 0.00037 0.00006 0.00003 0.00003 ( 1)  0.021
 252 C   0.00000 0.00000 0.00000 0.00000 0.00000 0.00129 0.05736 0.23524 0.34390 0.36221 (10)  0.957


lnL = -9292.526352

