

TREE # 1

  0  0.0000  13725.740222  x:  0.49964   0.12203   1.41235   0.22133   0.04281   0.26582   0.00000   0.01954   0.03035   0.01496   0.05329   0.11252   0.10286   0.12093   0.03696   0.07260   0.25345   0.28821   0.19626   0.16221   0.21061   0.49090   0.59887   0.48032   0.48752  
  1 99.0000  13645.983039  x:  0.50427   0.13094   1.41281   0.22552   0.05548   0.26918   0.21153   0.01904   0.02054   0.01845   0.04396   0.11211   0.11312   0.13646   0.04360   0.07226   0.25376   0.29231   0.20420   0.16971   0.21327   0.53622   0.57773   0.48031   0.48742  
  2 6852.9439  13450.774308  x:  0.51683   0.15495   1.41393   0.23675   0.07999   0.27162   0.20678   0.01531   0.00090   0.02151   0.01955   0.08468   0.13549   0.17112   0.05326   0.07055   0.25490   0.30241   0.22570   0.18941   0.22013   0.65556   0.51443   0.48047   0.48717  
  3 1701.9991  13336.192182  x:  0.52644   0.17330   1.41478   0.24532   0.09850   0.27349   0.20350   0.01310   0.00691   0.02375   0.00165   0.06369   0.15247   0.19747   0.06046   0.06922   0.25574   0.31012   0.24216   0.20444   0.22536   0.74687   0.46563   0.48060   0.48697  
  4 50772.8522  13100.788529  x:  0.55570   0.22915   1.41733   0.27126   0.15325   0.27913   0.19399   0.01550   0.02102   0.02907   0.03360   0.00000   0.20330   0.27654   0.08086   0.06492   0.25805   0.33340   0.29239   0.24990   0.24107   1.02560   0.31371   0.48112   0.48644  
  5 26541.6834  13018.166684  x:  0.57344   0.26338   1.41915   0.28684   0.18338   0.28380   0.18446   0.02305   0.02883   0.02730   0.05037   0.05480   0.23223   0.32225   0.08884   0.06159   0.25869   0.34727   0.32378   0.27678   0.24992   1.20019   0.21396   0.48183   0.48630  
  6 8171.9674  13006.026379  x:  0.57307   0.26572   1.42247   0.28770   0.17164   0.28283   0.18462   0.01835   0.02921   0.00908   0.05131   0.05602   0.22585   0.31586   0.07089   0.05866   0.25524   0.34696   0.33032   0.27456   0.24762   1.22864   0.22615   0.48391   0.48745  
  7 473.1169  12987.803218  x:  0.57106   0.26931   1.43040   0.28859   0.14105   0.28029   0.18469   0.01362   0.02984   0.01845   0.05302   0.05915   0.20859   0.29750   0.03089   0.05485   0.24689   0.34534   0.34429   0.26751   0.24140   1.28906   0.25585   0.48907   0.49033  
  8 1389.5552  12971.431902  x:  0.56404   0.26852   1.44306   0.28517   0.08410   0.27596   0.18479   0.03991   0.02962   0.01857   0.05131   0.06003   0.17512   0.25847   0.03903   0.07755   0.23431   0.34029   0.36134   0.25066   0.22910   1.36785   0.28906   0.49862   0.49562  
  9 749.7948  12965.129765  x:  0.55813   0.26365   1.44907   0.27989   0.05941   0.27622   0.18511   0.01967   0.03002   0.02055   0.05327   0.06130   0.16011   0.23656   0.05213   0.07944   0.23146   0.33845   0.36569   0.24038   0.22300   1.39406   0.28907   0.50447   0.49884  
 10 468.8606  12962.948548  x:  0.54945   0.25377   1.45553   0.27104   0.05386   0.28057   0.18561   0.02488   0.02947   0.01963   0.05183   0.05911   0.15390   0.21714   0.04946   0.06741   0.23505   0.34091   0.36595   0.23035   0.21916   1.40336   0.27645   0.51221   0.50318  
 11 159.6647  12961.388038  x:  0.53543   0.23909   1.47008   0.25736   0.06743   0.29112   0.18526   0.02328   0.02968   0.01977   0.05232   0.05946   0.15685   0.20151   0.04883   0.07403   0.24563   0.35060   0.36911   0.22117   0.21921   1.41471   0.27982   0.52802   0.51243  
 12 102.5965  12960.227877  x:  0.52202   0.22860   1.49689   0.23642   0.05997   0.29583   0.18494   0.02412   0.02985   0.02015   0.05261   0.06006   0.16005   0.21266   0.05247   0.06775   0.25560   0.35478   0.37404   0.22361   0.22762   1.41980   0.28456   0.55651   0.52980  
 13 65.2509  12959.367840  x:  0.51693   0.22882   1.52515   0.22078   0.05626   0.29365   0.18517   0.02342   0.02969   0.01947   0.05230   0.05934   0.15694   0.21740   0.04610   0.07748   0.25252   0.35551   0.38030   0.22629   0.23000   1.41756   0.27646   0.58603   0.54846  
 14 92.3016  12957.955100  x:  0.51840   0.24353   1.58204   0.20541   0.06663   0.28670   0.18500   0.02343   0.02980   0.01982   0.05252   0.05973   0.15243   0.21515   0.05009   0.07101   0.23682   0.35642   0.39876   0.22973   0.22561   1.41360   0.27581   0.64266   0.58553  
 15 126.7736  12957.515673  x:  0.52327   0.24879   1.60310   0.21360   0.06233   0.28784   0.18502   0.02346   0.02978   0.01977   0.05248   0.05964   0.16303   0.21199   0.04970   0.07160   0.24396   0.35200   0.40519   0.22695   0.21924   1.41089   0.27394   0.66238   0.59969  
 16 50.5174  12957.306353  x:  0.52652   0.24382   1.61462   0.22898   0.06358   0.28954   0.18503   0.02344   0.02977   0.01974   0.05245   0.05955   0.15581   0.21228   0.04956   0.07166   0.24912   0.35000   0.40235   0.22893   0.22227   1.41114   0.27268   0.67193   0.60874  
 17 21.5090  12957.082441  x:  0.53173   0.23459   1.62608   0.24206   0.06302   0.29107   0.18486   0.02342   0.02980   0.01972   0.05252   0.05959   0.15935   0.21405   0.04959   0.07155   0.24085   0.35034   0.38322   0.22631   0.22318   1.41506   0.27280   0.67957   0.62094  
 18 18.1345  12956.936901  x:  0.53778   0.23694   1.63035   0.24187   0.06359   0.28724   0.18482   0.02337   0.02983   0.01974   0.05258   0.05972   0.15819   0.21250   0.04965   0.07157   0.24615   0.35239   0.36850   0.22809   0.22192   1.41835   0.27378   0.67957   0.63099  
 19 12.0764  12952.029660  x:  0.52888   0.23540   1.63167   0.25350   0.05767   0.29599   0.18146   0.02243   0.03010   0.01952   0.05310   0.05977   0.17537   0.19040   0.04976   0.07093   0.24019   0.35670   0.35800   0.26909   0.24437   1.45823   0.26924   0.49705   1.01483  
 20  7.6157  12947.575496  x:  0.52806   0.22783   1.62823   0.25959   0.06112   0.29770   0.17846   0.02151   0.03045   0.01936   0.05375   0.06005   0.17065   0.20666   0.04990   0.07005   0.24222   0.35993   0.35552   0.25828   0.23299   1.49158   0.26602   0.35255   1.32310  
 21 571.9052  12943.542930  x:  0.57960   0.22234   1.50154   0.25640   0.06269   0.29970   0.17539   0.02068   0.03070   0.01928   0.05423   0.06032   0.17410   0.20615   0.05035   0.06917   0.24394   0.35678   0.36426   0.22339   0.28181   1.52913   0.26807   0.34407   1.59852  
 22 54.0168  12939.218403  x:  0.59159   0.19643   1.34842   0.26493   0.06504   0.29667   0.17210   0.01973   0.03106   0.01921   0.05491   0.06086   0.17611   0.21246   0.05101   0.06795   0.24315   0.35903   0.36759   0.25396   0.24452   1.56964   0.27209   0.36994   1.85824  
 23 153.4232  12937.751515  x:  0.54998   0.23265   1.31516   0.28031   0.06526   0.30998   0.17077   0.01957   0.03119   0.01914   0.05513   0.06076   0.17148   0.21984   0.05095   0.06778   0.24288   0.36074   0.35167   0.24518   0.24376   1.58245   0.27190   0.38667   1.90409  
 24 30.8826  12935.761270  x:  0.52247   0.23302   1.31979   0.28977   0.07245   0.26506   0.16950   0.01848   0.03143   0.01908   0.05562   0.06175   0.18123   0.22052   0.05151   0.06669   0.24713   0.35284   0.35338   0.23656   0.25197   1.60141   0.27018   0.39918   1.88978  
 25 14.5844  12896.252272  x:  0.60294   0.22789   1.70389   0.20572   0.11063   0.31039   0.13346   0.00853   0.03492   0.01715   0.06218   0.06424   0.19423   0.28096   0.05489   0.05460   0.26110   0.31890   0.44570   0.26012   0.22820   1.95863   0.23375   0.60278   1.16498  
 26 38.0781  12894.714098  x:  0.60899   0.22946   1.71840   0.21390   0.09878   0.30395   0.13235   0.00820   0.03495   0.01709   0.06227   0.06431   0.19587   0.28382   0.05505   0.05423   0.26073   0.37264   0.45745   0.25850   0.22860   1.96596   0.23018   0.61068   1.13734  
 27 59.7462  12876.600716  x:  0.60159   0.24542   1.79473   0.22257   0.09907   0.29776   0.10104   0.03639   0.03606   0.01618   0.06272   0.06819   0.20018   0.29772   0.05065   0.06551   0.25280   0.38626   0.48214   0.26363   0.22571   2.25864   0.27638   0.65736   1.14987  
 28  0.3585  12861.468197  x:  0.53238   0.26455   1.73176   0.26350   0.07892   0.28818   0.05718   0.02210   0.03335   0.01890   0.05825   0.06597   0.18658   0.25721   0.05459   0.07029   0.23429   0.35818   0.44625   0.25373   0.23477   2.54283   0.29325   0.63450   1.48393  
 29  0.2145  12855.092953  x:  0.58945   0.25265   1.72316   0.23054   0.07373   0.29406   0.04036   0.02006   0.02718   0.01876   0.04665   0.05746   0.18597   0.24677   0.05265   0.06350   0.25431   0.37690   0.44931   0.25790   0.23336   2.51428   0.27140   0.63938   1.18378  
 30  0.1450  12850.751158  x:  0.59875   0.24211   1.72030   0.22189   0.07797   0.29602   0.05208   0.01966   0.02120   0.01819   0.03574   0.05351   0.18715   0.25737   0.05151   0.06399   0.25664   0.38296   0.45182   0.25687   0.22594   2.30290   0.27212   0.62778   0.80013  
 31  0.2391  12848.279727  x:  0.56463   0.25334   1.68579   0.24622   0.08048   0.29389   0.04309   0.02045   0.01665   0.01856   0.02735   0.05274   0.18853   0.26284   0.05246   0.06640   0.24659   0.37246   0.44414   0.25505   0.22854   2.28804   0.28420   0.60594   0.96836  
 32  0.1432  12847.623344  x:  0.55553   0.26385   1.70715   0.24029   0.08400   0.28862   0.04399   0.02499   0.01683   0.01913   0.02761   0.05705   0.19023   0.26537   0.05323   0.06520   0.24277   0.36664   0.45148   0.25637   0.23312   2.32674   0.28333   0.63097   1.02772  
 33  0.0391  12846.802824  x:  0.55623   0.26917   1.73090   0.22873   0.08173   0.28860   0.04274   0.02215   0.01398   0.01983   0.02287   0.06265   0.18802   0.26117   0.05378   0.06541   0.24475   0.36804   0.45502   0.25611   0.23056   2.35221   0.28274   0.67272   0.92287  
 34  0.0536  12846.620224  x:  0.55698   0.26733   1.73340   0.23419   0.08109   0.29336   0.04481   0.02088   0.01477   0.01954   0.02452   0.06550   0.18831   0.26168   0.05332   0.06581   0.24639   0.37093   0.45270   0.25660   0.22933   2.37165   0.28198   0.68500   0.91794  
 35  0.0237  12846.561942  x:  0.55623   0.26664   1.72812   0.23866   0.08193   0.29512   0.04469   0.02180   0.01435   0.01922   0.02374   0.06651   0.18959   0.26355   0.05281   0.06556   0.24646   0.37196   0.45180   0.25726   0.22996   2.37309   0.28070   0.68985   0.87396  
 36  0.0374  12846.541175  x:  0.55436   0.26808   1.71551   0.23953   0.08208   0.29346   0.04398   0.02158   0.01439   0.01921   0.02385   0.06738   0.18970   0.26363   0.05304   0.06552   0.24562   0.37113   0.45195   0.25696   0.23029   2.37939   0.28217   0.68692   0.86373  
 37  0.0108  12846.536667  x:  0.55432   0.26872   1.71114   0.23891   0.08190   0.29394   0.04425   0.02167   0.01443   0.01928   0.02391   0.06746   0.18917   0.26332   0.05310   0.06559   0.24583   0.37099   0.45105   0.25675   0.22989   2.37488   0.28198   0.68194   0.86650  
 38  0.0051  12846.533540  x:  0.55518   0.26833   1.71487   0.23882   0.08162   0.29427   0.04380   0.02167   0.01447   0.01933   0.02395   0.06787   0.18909   0.26323   0.05309   0.06561   0.24604   0.37148   0.45043   0.25685   0.23023   2.37412   0.28183   0.67769   0.86643  
 39  0.0018  12846.531659  x:  0.55543   0.26742   1.71502   0.23923   0.08167   0.29401   0.04369   0.02167   0.01447   0.01929   0.02392   0.06821   0.18921   0.26333   0.05304   0.06556   0.24585   0.37128   0.45063   0.25676   0.23007   2.37184   0.28176   0.67404   0.88432  
 40  0.0106  12846.531395  x:  0.55608   0.26687   1.71461   0.23885   0.08177   0.29394   0.04367   0.02165   0.01448   0.01927   0.02393   0.06824   0.18926   0.26330   0.05304   0.06557   0.24584   0.37120   0.45112   0.25676   0.23005   2.37142   0.28169   0.67398   0.88421  
 41  0.0009  12846.531369  x:  0.55613   0.26677   1.71448   0.23882   0.08176   0.29403   0.04365   0.02166   0.01449   0.01927   0.02393   0.06823   0.18922   0.26326   0.05307   0.06557   0.24584   0.37121   0.45107   0.25679   0.23006   2.37143   0.28172   0.67402   0.88501  
 42  0.0004  12846.531315  x:  0.55608   0.26678   1.71446   0.23892   0.08173   0.29395   0.04367   0.02166   0.01451   0.01927   0.02389   0.06825   0.18920   0.26325   0.05307   0.06559   0.24585   0.37125   0.45094   0.25680   0.23004   2.37125   0.28173   0.67445   0.88388  
 43  0.0002  12846.531286  x:  0.55601   0.26691   1.71448   0.23886   0.08175   0.29398   0.04365   0.02166   0.01454   0.01927   0.02389   0.06824   0.18923   0.26327   0.05306   0.06557   0.24585   0.37121   0.45103   0.25678   0.23006   2.37134   0.28171   0.67457   0.88347  
 44  0.0003  12846.531284  x:  0.55599   0.26692   1.71448   0.23885   0.08175   0.29400   0.04365   0.02166   0.01454   0.01927   0.02388   0.06824   0.18923   0.26327   0.05306   0.06557   0.24584   0.37121   0.45106   0.25678   0.23006   2.37129   0.28171   0.67453   0.88345  
 45  0.0001  12846.531283  x:  0.55601   0.26690   1.71451   0.23885   0.08176   0.29399   0.04366   0.02166   0.01454   0.01927   0.02388   0.06824   0.18923   0.26327   0.05306   0.06557   0.24584   0.37121   0.45107   0.25678   0.23005   2.37134   0.28171   0.67441   0.88371  
 46  0.0001  12846.531283  x:  0.55603   0.26689   1.71451   0.23885   0.08175   0.29399   0.04366   0.02166   0.01454   0.01927   0.02388   0.06824   0.18923   0.26327   0.05306   0.06557   0.24584   0.37121   0.45106   0.25678   0.23006   2.37137   0.28171   0.67436   0.88384  
 47  0.0001  12846.531283  x:  0.55603   0.26688   1.71451   0.23885   0.08175   0.29399   0.04366   0.02166   0.01454   0.01927   0.02388   0.06824   0.18923   0.26327   0.05306   0.06557   0.24584   0.37121   0.45106   0.25678   0.23006   2.37138   0.28171   0.67435   0.88386  
 48  0.0000  12846.531283  x:  0.55603   0.26688   1.71451   0.23885   0.08175   0.29399   0.04366   0.02166   0.01454   0.01927   0.02388   0.06824   0.18923   0.26328   0.05306   0.06557   0.24584   0.37121   0.45106   0.25678   0.23006   2.37138   0.28171   0.67435   0.88386  
 49  0.0000  12846.531283  x:  0.55603   0.26688   1.71451   0.23885   0.08175   0.29399   0.04366   0.02166   0.01454   0.01927   0.02388   0.06824   0.18923   0.26328   0.05306   0.06557   0.24584   0.37121   0.45106   0.25678   0.23006   2.37138   0.28171   0.67435   0.88386  