

TREE # 1

  0  0.0000  15793.542471  x:  0.49376   0.11758   1.40443   0.20747   0.05238   0.27734   0.00000   0.02694   0.03100   0.02532   0.03366   0.12074   0.10958   0.12997   0.02860   0.07355   0.27146   0.27929   0.17869   0.15610   0.19236   1.00000   0.01000  
  1 99.0000  13150.689204  x:  0.49423   0.11890   1.40489   0.20815   0.05333   0.27779   0.04527   0.02668   0.03034   0.02499   0.03341   0.12073   0.11045   0.13108   0.02953   0.07364   0.27167   0.27985   0.17977   0.15688   0.19286   0.99999   0.28844  
  2 128458.4628  13092.608611  x:  0.50518   0.14155   1.40756   0.22300   0.07356   0.28088   0.03960   0.01432   0.00450   0.01234   0.02169   0.10164   0.13177   0.16299   0.05776   0.07377   0.27103   0.29203   0.20520   0.17837   0.20391   1.02861   0.28925  
  3 1072.4136  13045.017583  x:  0.52682   0.18585   1.41297   0.25134   0.10877   0.28638   0.03170   0.00987   0.03849   0.01408   0.00980   0.06513   0.17058   0.22137   0.09641   0.07122   0.26902   0.31543   0.25460   0.21902   0.22487   1.08780   0.29033  
  4 2881.6700  13024.464525  x:  0.53850   0.20949   1.41610   0.26561   0.12360   0.28864   0.03381   0.03131   0.04042   0.02148   0.03339   0.05014   0.18849   0.24912   0.10672   0.06740   0.26699   0.32730   0.28068   0.23909   0.23502   1.12348   0.28989  
  5 2563.8937  12986.855970  x:  0.56298   0.25719   1.42465   0.28719   0.12247   0.28696   0.08111   0.02801   0.03412   0.03003   0.02809   0.07431   0.20251   0.27905   0.04830   0.04296   0.25484   0.34579   0.33165   0.26615   0.24632   1.23125   0.28218  
  6 734.3409  12965.805718  x:  0.57607   0.28239   1.43228   0.29196   0.09851   0.28117   0.06822   0.02673   0.03382   0.01740   0.03042   0.06991   0.19377   0.27628   0.01760   0.07710   0.24239   0.35152   0.35918   0.26889   0.24329   1.32687   0.28451  
  7 620.3261  12938.626108  x:  0.59478   0.31815   1.44683   0.29103   0.04039   0.26944   0.05909   0.02342   0.02924   0.03985   0.02707   0.08638   0.16449   0.25178   0.03954   0.10466   0.22022   0.35630   0.39938   0.26032   0.22975   1.50982   0.28648  
  8 1174.8354  12921.311593  x:  0.59633   0.32242   1.45732   0.27918   0.03203   0.27017   0.03688   0.03064   0.03359   0.01536   0.02732   0.08135   0.15049   0.22595   0.04727   0.06719   0.21908   0.35995   0.41118   0.24298   0.21608   1.62672   0.29049  
  9 612.5047  12914.906728  x:  0.59158   0.31470   1.46362   0.26767   0.04720   0.27518   0.02663   0.02269   0.03017   0.02725   0.02924   0.06914   0.14976   0.21264   0.04241   0.05762   0.22577   0.36225   0.41022   0.23082   0.20913   1.68658   0.29238  
 10 570.3062  12905.407101  x:  0.57633   0.28847   1.47625   0.24031   0.08305   0.28829   0.04894   0.02377   0.03206   0.02204   0.02891   0.05689   0.15599   0.19407   0.04843   0.06786   0.24556   0.36419   0.39936   0.20905   0.20019   1.79168   0.28910  
 11 644.9011  12901.686321  x:  0.56368   0.26517   1.48539   0.22355   0.08910   0.29416   0.03942   0.03337   0.03107   0.02375   0.02160   0.07129   0.16548   0.20497   0.04768   0.07173   0.25976   0.35872   0.38647   0.21280   0.21039   1.83650   0.29079  
 12 238.7717  12899.820517  x:  0.55584   0.25005   1.49189   0.21407   0.08698   0.29638   0.03729   0.02535   0.03310   0.02125   0.02992   0.07748   0.17010   0.21407   0.04888   0.07165   0.26648   0.35366   0.37750   0.21821   0.21871   1.86031   0.29123  
 13 342.8535  12898.923337  x:  0.55100   0.23897   1.49916   0.21012   0.07901   0.29518   0.04152   0.02612   0.03220   0.02241   0.02787   0.06662   0.16980   0.22027   0.04787   0.06871   0.26594   0.34837   0.36983   0.22463   0.22498   1.87197   0.29063  
 14 109.2955  12898.457671  x:  0.55089   0.22864   1.52413   0.22125   0.08582   0.29091   0.04119   0.02640   0.03241   0.02205   0.02792   0.06790   0.16664   0.22048   0.04833   0.06883   0.25088   0.34655   0.35947   0.23098   0.22507   1.87810   0.29070  
 15 29.1057  12897.929522  x:  0.55976   0.22585   1.57375   0.23813   0.08214   0.29112   0.04131   0.02627   0.03238   0.02220   0.02797   0.06749   0.17396   0.22495   0.04814   0.06847   0.25463   0.34367   0.34308   0.22476   0.21792   1.88263   0.29064  
 16 36.8656  12897.704315  x:  0.56495   0.22779   1.60094   0.23977   0.08256   0.29354   0.04144   0.02620   0.03227   0.02210   0.02789   0.06722   0.16930   0.21954   0.04835   0.06879   0.26216   0.34618   0.33972   0.22781   0.22555   1.88273   0.29057  
 17 32.8892  12897.515528  x:  0.56423   0.22714   1.63073   0.22330   0.08211   0.29495   0.04150   0.02619   0.03224   0.02219   0.02789   0.06732   0.16738   0.22299   0.04824   0.06872   0.25845   0.35153   0.35120   0.22474   0.22499   1.87929   0.29051  
 18 14.1325  12897.466316  x:  0.56290   0.22595   1.63759   0.22042   0.08164   0.29358   0.04149   0.02618   0.03222   0.02220   0.02790   0.06739   0.17108   0.21963   0.04823   0.06870   0.25881   0.34916   0.35690   0.22732   0.22349   1.87848   0.29051  
 19 11.6748  12897.423953  x:  0.56197   0.22564   1.63990   0.22054   0.08324   0.29093   0.04159   0.02620   0.03224   0.02218   0.02792   0.06748   0.16803   0.22117   0.04822   0.06871   0.26146   0.34493   0.36049   0.22782   0.22166   1.87876   0.29049  
 20  4.1082  12896.608702  x:  0.56036   0.23979   1.64453   0.22038   0.08781   0.30092   0.04153   0.02616   0.03178   0.02194   0.02775   0.06744   0.16975   0.22301   0.04837   0.06810   0.25171   0.31913   0.36667   0.21831   0.23470   1.89270   0.29053  
 21  2.1314  12881.255484  x:  0.49225   0.35074   1.68332   0.25811   0.07238   0.30812   0.04176   0.02190   0.02048   0.02101   0.02511   0.06765   0.17936   0.26034   0.04861   0.06182   0.23727   0.37083   0.42077   0.26972   0.21646   2.17737   0.29160  
 22 18.4491  12879.331993  x:  0.54051   0.33524   1.68116   0.25266   0.07503   0.27060   0.04192   0.02139   0.01928   0.02055   0.02493   0.06730   0.19125   0.26323   0.04910   0.06050   0.23558   0.37850   0.43324   0.25786   0.23490   2.21116   0.29179  
 23 45.4270  12878.390572  x:  0.59085   0.30498   1.67660   0.25278   0.07303   0.29087   0.04175   0.02116   0.01852   0.02054   0.02465   0.06731   0.18746   0.26660   0.04908   0.06038   0.23435   0.37690   0.45013   0.26493   0.22836   2.22735   0.29192  
 24 37.7617  12878.383797  x:  0.59214   0.30639   1.67661   0.25087   0.07359   0.29045   0.04173   0.02118   0.01852   0.02052   0.02464   0.06735   0.18750   0.26666   0.04910   0.06041   0.23416   0.37608   0.44852   0.26642   0.22707   2.22774   0.29193  
 25  0.7775  12877.108907  x:  0.58753   0.29615   1.69306   0.23655   0.08121   0.29121   0.03892   0.02241   0.01481   0.01915   0.02309   0.06847   0.18876   0.26404   0.05135   0.06854   0.24694   0.36997   0.45247   0.25860   0.22937   2.30110   0.29314  
 26  0.2942  12876.914467  x:  0.58461   0.29035   1.69607   0.23257   0.08259   0.29231   0.04108   0.02093   0.01434   0.01917   0.02405   0.07018   0.18776   0.26136   0.05239   0.06532   0.24590   0.36734   0.44766   0.25489   0.22885   2.31426   0.29342  
 27  0.0141  12876.648544  x:  0.58201   0.28458   1.68905   0.23708   0.08214   0.29372   0.04193   0.02329   0.01463   0.01857   0.02375   0.06646   0.18671   0.25934   0.05519   0.06324   0.23945   0.36728   0.43588   0.25308   0.22686   2.30501   0.29580  
 28  0.0046  12875.860954  x:  0.58373   0.28580   1.66777   0.24526   0.07726   0.29077   0.04240   0.02192   0.01313   0.02283   0.02563   0.06648   0.18586   0.25961   0.05932   0.06719   0.23915   0.36882   0.42518   0.25593   0.22540   2.29991   0.30487  
 29  0.0078  12874.742195  x:  0.58436   0.28923   1.64747   0.23721   0.07929   0.28828   0.04076   0.02147   0.01457   0.01841   0.02668   0.07072   0.18633   0.26094   0.06252   0.06246   0.25137   0.36798   0.43715   0.25606   0.22778   2.31775   0.31811  
 30  0.0177  12874.048496  x:  0.57608   0.28961   1.64546   0.22532   0.08134   0.28959   0.04374   0.02225   0.01322   0.01983   0.02257   0.06891   0.18548   0.26121   0.05782   0.06265   0.24311   0.36304   0.44721   0.25352   0.22903   2.34800   0.32755  
 31  0.0197  12873.858488  x:  0.57542   0.28714   1.64097   0.22786   0.08164   0.28965   0.04381   0.02096   0.01492   0.01924   0.02331   0.06753   0.18535   0.26004   0.05449   0.06570   0.24130   0.36254   0.44149   0.25328   0.22708   2.34724   0.33053  
 32  0.0088  12873.817003  x:  0.57760   0.28692   1.63953   0.23209   0.08128   0.28928   0.04344   0.02147   0.01461   0.01920   0.02354   0.06806   0.18553   0.25899   0.05276   0.06543   0.24394   0.36410   0.43670   0.25371   0.22631   2.35622   0.33110  
 33  0.0087  12873.814181  x:  0.57751   0.28689   1.63971   0.23166   0.08125   0.28928   0.04348   0.02155   0.01449   0.01923   0.02387   0.06800   0.18535   0.25894   0.05280   0.06552   0.24332   0.36403   0.43691   0.25346   0.22696   2.35812   0.33110  
 34  0.0016  12873.814023  x:  0.57742   0.28700   1.63993   0.23138   0.08121   0.28931   0.04354   0.02159   0.01453   0.01924   0.02388   0.06797   0.18530   0.25896   0.05273   0.06552   0.24337   0.36392   0.43733   0.25350   0.22689   2.35810   0.33111  
 35  0.0005  12873.814019  x:  0.57742   0.28702   1.63995   0.23138   0.08120   0.28931   0.04354   0.02159   0.01453   0.01923   0.02388   0.06796   0.18531   0.25896   0.05274   0.06552   0.24339   0.36393   0.43738   0.25351   0.22687   2.35827   0.33111  
 36  0.0001  12873.814018  x:  0.57742   0.28702   1.63995   0.23139   0.08120   0.28931   0.04354   0.02159   0.01453   0.01924   0.02388   0.06797   0.18531   0.25896   0.05275   0.06552   0.24338   0.36393   0.43737   0.25350   0.22687   2.35834   0.33111  
 37  0.0000  12873.814018  x:  0.57742   0.28702   1.63996   0.23139   0.08120   0.28931   0.04354   0.02159   0.01453   0.01924   0.02388   0.06797   0.18531   0.25896   0.05275   0.06552   0.24338   0.36393   0.43737   0.25351   0.22687   2.35835   0.33111  
 38  0.0000  12873.814018  x:  0.57742   0.28702   1.63996   0.23139   0.08120   0.28931   0.04354   0.02159   0.01453   0.01924   0.02388   0.06797   0.18531   0.25896   0.05275   0.06552   0.24338   0.36393   0.43737   0.25351   0.22687   2.35835   0.33111  