results_H0.txt:lnL(ntime: 21  np: 23):  -6018.633010      +0.000000
results_H0.txt:omega (dN/dS) =  0.13666
results_H1.txt:lnL(ntime: 21  np: 24):  -6017.572460      +0.000000
results_H1.txt:w (dN/dS) for branches:  0.13188 0.19203
results_H2.txt:lnL(ntime: 21  np: 24):  -5985.635237      +0.000000
results_H2.txt:w (dN/dS) for branches:  0.07552 0.23943
results_H3.txt:lnL(ntime: 21  np: 25):  -5984.111015      +0.000000
results_H3.txt:w (dN/dS) for branches:  0.06422 0.24034 0.09490
results_H0.txt:dN & dS for each branch
results_H0.txt-
results_H0.txt- branch          t       N       S   dN/dS      dN      dS  N*dN  S*dS
results_H0.txt-
results_H0.txt-  13..1      0.166   729.3   269.7  0.1367  0.0205  0.1497  14.9  40.4
results_H0.txt-  13..2      0.145   729.3   269.7  0.1367  0.0179  0.1308  13.0  35.3
results_H0.txt-  13..14     0.060   729.3   269.7  0.1367  0.0074  0.0543   5.4  14.7
results_H0.txt-  14..5      0.252   729.3   269.7  0.1367  0.0311  0.2273  22.7  61.3
results_H0.txt-  14..15     0.030   729.3   269.7  0.1367  0.0037  0.0273   2.7   7.4
results_H0.txt-  15..16     0.230   729.3   269.7  0.1367  0.0283  0.2075  20.7  55.9
results_H0.txt-  16..3      0.134   729.3   269.7  0.1367  0.0165  0.1208  12.0  32.6
results_H0.txt-  16..4      0.102   729.3   269.7  0.1367  0.0125  0.0918   9.1  24.7
results_H0.txt-  15..17     0.125   729.3   269.7  0.1367  0.0155  0.1131  11.3  30.5
results_H0.txt-  17..18     0.692   729.3   269.7  0.1367  0.0853  0.6242  62.2 168.3
results_H0.txt-  18..19     0.249   729.3   269.7  0.1367  0.0307  0.2249  22.4  60.7
results_H0.txt-  19..6      0.206   729.3   269.7  0.1367  0.0254  0.1857  18.5  50.1
results_H0.txt-  19..20     0.295   729.3   269.7  0.1367  0.0363  0.2655  26.5  71.6
results_H0.txt-  20..8      0.131   729.3   269.7  0.1367  0.0162  0.1184  11.8  31.9
results_H0.txt-  20..9      0.213   729.3   269.7  0.1367  0.0262  0.1921  19.1  51.8
results_H0.txt-  18..21     0.175   729.3   269.7  0.1367  0.0216  0.1577  15.7  42.5
results_H0.txt-  21..7      0.156   729.3   269.7  0.1367  0.0192  0.1406  14.0  37.9
results_H0.txt-  21..10     0.173   729.3   269.7  0.1367  0.0213  0.1558  15.5  42.0
results_H0.txt-  17..22     0.321   729.3   269.7  0.1367  0.0396  0.2898  28.9  78.1
results_H0.txt-  22..11     0.290   729.3   269.7  0.1367  0.0358  0.2618  26.1  70.6
results_H0.txt-  22..12     0.357   729.3   269.7  0.1367  0.0440  0.3217  32.1  86.7
results_H0.txt-
--
results_H1.txt:dN & dS for each branch
results_H1.txt-
results_H1.txt- branch          t       N       S   dN/dS      dN      dS  N*dN  S*dS
results_H1.txt-
results_H1.txt-  13..1      0.166   729.4   269.6  0.1319  0.0199  0.1512  14.5  40.8
results_H1.txt-  13..2      0.146   729.4   269.6  0.1319  0.0175  0.1326  12.8  35.7
results_H1.txt-  13..14     0.060   729.4   269.6  0.1319  0.0072  0.0548   5.3  14.8
results_H1.txt-  14..5      0.254   729.4   269.6  0.1319  0.0305  0.2310  22.2  62.3
results_H1.txt-  14..15     0.028   729.4   269.6  0.1319  0.0033  0.0254   2.4   6.8
results_H1.txt-  15..16     0.234   729.4   269.6  0.1319  0.0281  0.2132  20.5  57.5
results_H1.txt-  16..3      0.134   729.4   269.6  0.1319  0.0161  0.1224  11.8  33.0
results_H1.txt-  16..4      0.102   729.4   269.6  0.1319  0.0122  0.0925   8.9  24.9
results_H1.txt-  15..17     0.136   729.4   269.6  0.1319  0.0163  0.1239  11.9  33.4
results_H1.txt-  17..18     0.616   729.4   269.6  0.1920  0.0961  0.5004  70.1 134.9
results_H1.txt-  18..19     0.251   729.4   269.6  0.1319  0.0301  0.2281  21.9  61.5
results_H1.txt-  19..6      0.207   729.4   269.6  0.1319  0.0249  0.1884  18.1  50.8
results_H1.txt-  19..20     0.296   729.4   269.6  0.1319  0.0355  0.2691  25.9  72.6
results_H1.txt-  20..8      0.131   729.4   269.6  0.1319  0.0158  0.1195  11.5  32.2
results_H1.txt-  20..9      0.214   729.4   269.6  0.1319  0.0257  0.1945  18.7  52.4
results_H1.txt-  18..21     0.176   729.4   269.6  0.1319  0.0212  0.1604  15.4  43.3
results_H1.txt-  21..7      0.156   729.4   269.6  0.1319  0.0187  0.1417  13.6  38.2
results_H1.txt-  21..10     0.174   729.4   269.6  0.1319  0.0208  0.1580  15.2  42.6
results_H1.txt-  17..22     0.319   729.4   269.6  0.1319  0.0383  0.2904  27.9  78.3
results_H1.txt-  22..11     0.292   729.4   269.6  0.1319  0.0351  0.2658  25.6  71.7
results_H1.txt-  22..12     0.358   729.4   269.6  0.1319  0.0430  0.3257  31.3  87.8
results_H1.txt-
--
results_H2.txt:dN & dS for each branch
results_H2.txt-
results_H2.txt- branch          t       N       S   dN/dS      dN      dS  N*dN  S*dS
results_H2.txt-
results_H2.txt-  13..1      0.171   729.3   269.7  0.0755  0.0133  0.1756   9.7  47.3
results_H2.txt-  13..2      0.151   729.3   269.7  0.0755  0.0117  0.1552   8.5  41.9
results_H2.txt-  13..14     0.059   729.3   269.7  0.0755  0.0046  0.0605   3.3  16.3
results_H2.txt-  14..5      0.269   729.3   269.7  0.0755  0.0208  0.2760  15.2  74.4
results_H2.txt-  14..15     0.018   729.3   269.7  0.0755  0.0014  0.0183   1.0   4.9
results_H2.txt-  15..16     0.262   729.3   269.7  0.0755  0.0203  0.2687  14.8  72.5
results_H2.txt-  16..3      0.138   729.3   269.7  0.0755  0.0107  0.1416   7.8  38.2
results_H2.txt-  16..4      0.104   729.3   269.7  0.0755  0.0080  0.1062   5.8  28.6
results_H2.txt-  15..17     0.169   729.3   269.7  0.0755  0.0131  0.1732   9.5  46.7
results_H2.txt-  17..18     0.560   729.3   269.7  0.2394  0.1005  0.4198  73.3 113.2
results_H2.txt-  18..19     0.232   729.3   269.7  0.2394  0.0416  0.1736  30.3  46.8
results_H2.txt-  19..6      0.204   729.3   269.7  0.2394  0.0366  0.1527  26.7  41.2
results_H2.txt-  19..20     0.273   729.3   269.7  0.2394  0.0490  0.2045  35.7  55.1
results_H2.txt-  20..8      0.131   729.3   269.7  0.2394  0.0235  0.0980  17.1  26.4
results_H2.txt-  20..9      0.204   729.3   269.7  0.2394  0.0367  0.1532  26.8  41.3
results_H2.txt-  18..21     0.162   729.3   269.7  0.2394  0.0291  0.1217  21.3  32.8
results_H2.txt-  21..7      0.151   729.3   269.7  0.2394  0.0271  0.1133  19.8  30.6
results_H2.txt-  21..10     0.167   729.3   269.7  0.2394  0.0300  0.1252  21.9  33.8
results_H2.txt-  17..22     0.367   729.3   269.7  0.0755  0.0284  0.3761  20.7 101.4
results_H2.txt-  22..11     0.312   729.3   269.7  0.0755  0.0242  0.3200  17.6  86.3
results_H2.txt-  22..12     0.397   729.3   269.7  0.0755  0.0307  0.4066  22.4 109.7
results_H2.txt-
--
results_H3.txt:dN & dS for each branch
results_H3.txt-
results_H3.txt- branch          t       N       S   dN/dS      dN      dS  N*dN  S*dS
results_H3.txt-
results_H3.txt-  13..1      0.173   729.4   269.6  0.0642  0.0117  0.1824   8.5  49.2
results_H3.txt-  13..2      0.152   729.4   269.6  0.0642  0.0103  0.1600   7.5  43.1
results_H3.txt-  13..14     0.058   729.4   269.6  0.0642  0.0040  0.0616   2.9  16.6
results_H3.txt-  14..5      0.273   729.4   269.6  0.0642  0.0185  0.2874  13.5  77.5
results_H3.txt-  14..15     0.019   729.4   269.6  0.0642  0.0013  0.0196   0.9   5.3
results_H3.txt-  15..16     0.266   729.4   269.6  0.0642  0.0180  0.2797  13.1  75.4
results_H3.txt-  16..3      0.139   729.4   269.6  0.0642  0.0094  0.1459   6.8  39.4
results_H3.txt-  16..4      0.104   729.4   269.6  0.0642  0.0071  0.1099   5.1  29.6
results_H3.txt-  15..17     0.179   729.4   269.6  0.0642  0.0121  0.1882   8.8  50.7
results_H3.txt-  17..18     0.556   729.4   269.6  0.2403  0.1000  0.4162  73.0 112.2
results_H3.txt-  18..19     0.232   729.4   269.6  0.2403  0.0417  0.1736  30.4  46.8
results_H3.txt-  19..6      0.204   729.4   269.6  0.2403  0.0366  0.1524  26.7  41.1
results_H3.txt-  19..20     0.273   729.4   269.6  0.2403  0.0491  0.2041  35.8  55.0
results_H3.txt-  20..8      0.131   729.4   269.6  0.2403  0.0235  0.0979  17.2  26.4
results_H3.txt-  20..9      0.204   729.4   269.6  0.2403  0.0367  0.1528  26.8  41.2
results_H3.txt-  18..21     0.162   729.4   269.6  0.2403  0.0291  0.1212  21.2  32.7
results_H3.txt-  21..7      0.151   729.4   269.6  0.2403  0.0271  0.1127  19.8  30.4
results_H3.txt-  21..10     0.168   729.4   269.6  0.2403  0.0301  0.1254  22.0  33.8
results_H3.txt-  17..22     0.342   729.4   269.6  0.0949  0.0319  0.3357  23.2  90.5
results_H3.txt-  22..11     0.303   729.4   269.6  0.0949  0.0282  0.2976  20.6  80.2
results_H3.txt-  22..12     0.379   729.4   269.6  0.0949  0.0354  0.3728  25.8 100.5
results_H3.txt-
