

TREE # 1

  0  0.0000  13564.911031  x:  0.44892   0.12379   1.28549   0.22055   0.06252   0.23919   0.00000   0.01668   0.02270   0.02235   0.05598   0.11164   0.11609   0.12665   0.03040   0.06501   0.24819   0.24872   0.19092   0.16628   0.18362   0.57392   0.58633   0.48997   0.41468   0.50897   0.46529   0.43203  
  1 99.0000  13505.193497  x:  0.45299   0.13072   1.28626   0.22324   0.06735   0.24275   0.12479   0.01794   0.01841   0.01960   0.04954   0.11168   0.12136   0.13609   0.03816   0.06635   0.24859   0.25303   0.19697   0.17128   0.18699   0.59798   0.58276   0.48945   0.41140   0.50555   0.46378   0.43054  
  2 6012.1562  13337.093130  x:  0.47516   0.16808   1.29051   0.23796   0.08949   0.25330   0.12154   0.01490   0.00108   0.01666   0.01464   0.08051   0.14608   0.18103   0.06239   0.07110   0.25133   0.27577   0.22980   0.19789   0.20485   0.72763   0.56201   0.48673   0.39263   0.48608   0.45493   0.42210  
  3 1444.3424  13292.430198  x:  0.48329   0.18176   1.29207   0.24333   0.09749   0.25717   0.12048   0.01424   0.00595   0.01581   0.00272   0.06910   0.15507   0.19737   0.07097   0.07274   0.25231   0.28409   0.24184   0.20761   0.21137   0.77527   0.55432   0.48574   0.38570   0.47887   0.45166   0.41898  
  4 41778.7284  13132.838605  x:  0.52658   0.25420   1.30044   0.27151   0.13795   0.27778   0.11518   0.02151   0.02184   0.01496   0.04147   0.00895   0.20156   0.28219   0.11149   0.07965   0.25706   0.32804   0.30593   0.25859   0.24549   1.03081   0.51190   0.48040   0.34778   0.43919   0.43370   0.40197  
  5 13330.6280  13057.070399  x:  0.56200   0.31158   1.30856   0.28950   0.15173   0.29569   0.10420   0.03149   0.03102   0.03640   0.06300   0.15245   0.22583   0.33411   0.10028   0.06414   0.25484   0.35993   0.35997   0.29216   0.26566   1.27519   0.45788   0.47661   0.30299   0.39009   0.41222   0.38276  
  6 2377.8199  13022.266252  x:  0.56358   0.31334   1.31101   0.28457   0.13258   0.29320   0.10452   0.00832   0.03202   0.00895   0.06624   0.15756   0.21452   0.32303   0.06489   0.05152   0.24767   0.35723   0.36537   0.28558   0.25812   1.33334   0.43242   0.47759   0.28366   0.36866   0.40290   0.37621  
  7 841.5607  12994.597891  x:  0.56234   0.31022   1.31408   0.27571   0.10393   0.28804   0.10627   0.00835   0.03094   0.02280   0.06400   0.14903   0.19634   0.30212   0.02321   0.04408   0.23808   0.35051   0.36825   0.27291   0.24535   1.39559   0.39963   0.47984   0.25877   0.34200   0.39106   0.36867  
  8 1693.3807  12962.179807  x:  0.55499   0.29589   1.31998   0.25634   0.04867   0.27808   0.10616   0.03634   0.02994   0.01033   0.06071   0.14645   0.15946   0.25388   0.02208   0.06607   0.22201   0.33451   0.36758   0.24416   0.21847   1.48823   0.33959   0.48553   0.21367   0.29591   0.36957   0.35684  
  9 1448.9461  12949.949674  x:  0.54971   0.28607   1.32354   0.24726   0.03061   0.27545   0.10635   0.01904   0.03045   0.02080   0.06248   0.14651   0.14521   0.23016   0.03908   0.07141   0.21745   0.32789   0.36587   0.23038   0.20647   1.52365   0.31170   0.48897   0.19353   0.27692   0.35940   0.35281  
 10 1272.6778  12941.144185  x:  0.53338   0.25724   1.33551   0.23626   0.07229   0.28346   0.10617   0.02069   0.03041   0.02072   0.06231   0.14546   0.14961   0.19635   0.04265   0.06541   0.22873   0.32809   0.35989   0.21276   0.19585   1.54831   0.26833   0.50055   0.16562   0.26273   0.34126   0.35533  
 11 290.2915  12937.873408  x:  0.51953   0.23309   1.35919   0.23187   0.06393   0.29337   0.10607   0.01811   0.03051   0.02088   0.06266   0.14610   0.16263   0.20132   0.03816   0.07504   0.24883   0.32267   0.35423   0.21732   0.20710   1.55514   0.23826   0.51845   0.15597   0.27125   0.32060   0.36852  
 12 126.3815  12936.552560  x:  0.51483   0.22566   1.38320   0.23347   0.05871   0.29710   0.10593   0.02200   0.03039   0.02000   0.06222   0.14531   0.16023   0.20313   0.04295   0.06039   0.25111   0.32228   0.35121   0.21848   0.20985   1.55904   0.23217   0.53343   0.15525   0.27483   0.30488   0.37945  
 13 110.3814  12932.521573  x:  0.50706   0.21593   1.49148   0.24720   0.06359   0.30616   0.10587   0.01940   0.03052   0.02055   0.06264   0.14578   0.14007   0.20162   0.04028   0.06875   0.23945   0.33228   0.33974   0.21514   0.20683   1.57353   0.23262   0.59521   0.16158   0.28148   0.24176   0.42237  
 14 167.7549  12931.253071  x:  0.51638   0.22940   1.54221   0.24811   0.05925   0.29652   0.10593   0.01929   0.03055   0.02047   0.06271   0.14614   0.15960   0.19744   0.04027   0.06838   0.23666   0.33870   0.32652   0.20909   0.19729   1.57117   0.22184   0.61596   0.16053   0.27925   0.23119   0.43005  
 15 80.5333  12930.424414  x:  0.52292   0.23527   1.58869   0.25006   0.06196   0.28309   0.10613   0.01894   0.03056   0.02051   0.06276   0.14637   0.15255   0.19780   0.04017   0.06880   0.24004   0.34313   0.31728   0.21701   0.20359   1.56592   0.20535   0.62530   0.15854   0.26978   0.24394   0.42777  
 16 57.3324  12929.521155  x:  0.52046   0.22449   1.66082   0.26011   0.06157   0.28623   0.10602   0.01892   0.03059   0.02050   0.06281   0.14635   0.15501   0.20076   0.04000   0.06916   0.24624   0.33466   0.31917   0.20932   0.19833   1.57004   0.20220   0.62287   0.16189   0.26315   0.27855   0.41320  
 17 47.5488  12929.249306  x:  0.52109   0.22386   1.68399   0.26010   0.06206   0.29076   0.10599   0.01894   0.03056   0.02054   0.06275   0.14612   0.15724   0.19401   0.04001   0.06928   0.23862   0.32839   0.32208   0.21377   0.20131   1.57112   0.19876   0.61531   0.16098   0.27013   0.28647   0.40857  
 18 38.3815  12929.080656  x:  0.52245   0.22602   1.69908   0.25418   0.06394   0.29218   0.10593   0.01896   0.03058   0.02056   0.06278   0.14614   0.15374   0.19863   0.04007   0.06927   0.23705   0.32517   0.32417   0.21197   0.19797   1.57002   0.19480   0.60220   0.15732   0.27713   0.28587   0.40687  
 19 21.4762  12928.808137  x:  0.52197   0.22688   1.72307   0.24288   0.06313   0.29169   0.10593   0.01922   0.03053   0.02052   0.06266   0.14590   0.15395   0.19578   0.04009   0.06907   0.24344   0.32839   0.33081   0.21309   0.20020   1.56835   0.19698   0.57176   0.15810   0.27353   0.27684   0.40796  
 20 21.6384  12928.714717  x:  0.52090   0.22399   1.72826   0.24369   0.06273   0.29094   0.10589   0.01932   0.03053   0.02053   0.06264   0.14587   0.15527   0.19801   0.04019   0.06897   0.23915   0.33196   0.33349   0.21288   0.19998   1.56655   0.19285   0.56266   0.16172   0.27047   0.27363   0.40812  
 21 14.8515  12928.489099  x:  0.52185   0.21990   1.73207   0.25670   0.06176   0.28676   0.10587   0.01923   0.03051   0.02053   0.06262   0.14580   0.15677   0.19921   0.04020   0.06896   0.23776   0.33455   0.33220   0.21432   0.19997   1.56522   0.19407   0.55406   0.15254   0.27048   0.26881   0.40704  
 22  5.7470  12927.354170  x:  0.53726   0.22057   1.73940   0.29687   0.06174   0.29344   0.10548   0.01954   0.03038   0.02057   0.06227   0.14431   0.15204   0.19454   0.04062   0.06864   0.24982   0.33352   0.30566   0.21365   0.19984   1.57367   0.18557   0.53005   0.16240   0.27771   0.25480   0.40181  
 23 17.3569  12924.261894  x:  0.54295   0.21461   1.75415   0.30730   0.06840   0.30296   0.10389   0.01952   0.03038   0.02096   0.06212   0.14215   0.15953   0.21160   0.04263   0.06801   0.23507   0.32513   0.24529   0.21414   0.21627   1.60197   0.19639   0.50888   0.16335   0.26961   0.25800   0.42225  
 24 22.6345  12895.709896  x:  0.56332   0.27824   1.89346   0.40884   0.08822   0.29761   0.08980   0.01640   0.02941   0.02398   0.05885   0.11588   0.18649   0.24392   0.05714   0.06597   0.25536   0.36314   0.26416   0.26313   0.18935   1.82355   0.16986   0.49025   0.20172   0.34437   0.40853   0.77527  
 25 42.5650  12891.795746  x:  0.56790   0.30630   1.91243   0.41644   0.09619   0.30217   0.08809   0.01596   0.02927   0.02437   0.05842   0.11251   0.19116   0.25750   0.05925   0.06523   0.25354   0.33570   0.30145   0.22964   0.23627   1.82667   0.16572   0.51288   0.20186   0.33143   0.38963   0.75420  
 26 53.9057  12885.377095  x:  0.53601   0.32714   1.94862   0.37738   0.10307   0.32313   0.08505   0.01574   0.02905   0.02489   0.05774   0.10686   0.19859   0.28831   0.06334   0.06244   0.25583   0.33924   0.34285   0.29109   0.21934   1.82811   0.18357   0.58636   0.21182   0.31641   0.31567   0.57712  
 27 56.0693  12883.948138  x:  0.52840   0.32008   1.95746   0.35985   0.09957   0.31305   0.08456   0.01574   0.02897   0.02502   0.05753   0.10573   0.19742   0.28898   0.06436   0.06163   0.25525   0.37803   0.34630   0.28065   0.23601   1.83991   0.19171   0.60440   0.21758   0.34336   0.30499   0.52405  
 28 54.8261  12883.775371  x:  0.54737   0.30518   1.95839   0.35407   0.10188   0.30326   0.08455   0.01567   0.02898   0.02510   0.05753   0.10574   0.19871   0.28966   0.06470   0.06154   0.25525   0.37326   0.35036   0.28223   0.23543   1.84376   0.19456   0.60746   0.22197   0.34584   0.30169   0.52032  
 29  6.4488  12883.518464  x:  0.56995   0.29543   1.96019   0.34891   0.09885   0.31749   0.08428   0.01575   0.02887   0.02496   0.05730   0.10482   0.19724   0.28983   0.06434   0.06152   0.25451   0.38198   0.35373   0.28180   0.23554   1.84191   0.19492   0.61102   0.21617   0.34185   0.30247   0.51904  
 30  6.2065  12850.726020  x:  0.54180   0.28027   2.18606   0.32308   0.10083   0.31792   0.06572   0.01419   0.02424   0.01965   0.04568   0.05034   0.18908   0.27965   0.06008   0.05485   0.24324   0.37114   0.34644   0.26190   0.23043   2.18655   0.14052   0.66971   0.20802   0.30836   0.26351   0.46950  
 31  1.5969  12845.246182  x:  0.54360   0.27027   2.15174   0.31119   0.09675   0.30672   0.06016   0.02328   0.02242   0.01739   0.04116   0.04673   0.18349   0.26304   0.05427   0.06302   0.23998   0.36803   0.34965   0.24170   0.22440   2.28864   0.17509   0.64890   0.20696   0.30903   0.29647   0.50626  
 32  0.1518  12841.865469  x:  0.52940   0.28521   2.14271   0.30136   0.08749   0.29881   0.05363   0.02021   0.02087   0.01669   0.03818   0.06736   0.18178   0.25118   0.04862   0.07349   0.24484   0.36098   0.36591   0.24343   0.21308   2.35457   0.17387   0.63695   0.19932   0.30106   0.30281   0.46490  
 33  0.0514  12839.613648  x:  0.54275   0.29472   2.17149   0.31594   0.08494   0.30146   0.04301   0.02011   0.01740   0.01885   0.03034   0.06524   0.18603   0.25531   0.05008   0.07037   0.24711   0.36402   0.37541   0.24821   0.21770   2.45724   0.16162   0.63187   0.20451   0.31163   0.31687   0.48967  
 34  0.0758  12839.153481  x:  0.54745   0.28972   2.15455   0.30711   0.08535   0.30561   0.04226   0.02043   0.01649   0.01946   0.02835   0.06662   0.18645   0.26104   0.05204   0.06616   0.24457   0.36886   0.38209   0.25157   0.22076   2.45072   0.16940   0.63515   0.20820   0.31374   0.29997   0.45409  
 35  0.0568  12838.809878  x:  0.54686   0.28447   2.13547   0.31219   0.08683   0.30786   0.04355   0.02049   0.01564   0.01973   0.02662   0.07012   0.18574   0.26266   0.05362   0.06273   0.24200   0.36893   0.37166   0.24965   0.22179   2.42771   0.17102   0.63668   0.20955   0.31365   0.30221   0.48439  
 36  0.0403  12838.670791  x:  0.54020   0.28541   2.13412   0.31059   0.08807   0.30765   0.04416   0.02093   0.01475   0.01929   0.02476   0.06990   0.18522   0.26242   0.05281   0.06556   0.24292   0.36756   0.36729   0.24865   0.22044   2.41394   0.16976   0.63981   0.20839   0.30934   0.29839   0.48031  
 37  0.0126  12838.651273  x:  0.54143   0.28549   2.13582   0.31000   0.08850   0.30615   0.04489   0.02020   0.01478   0.01916   0.02490   0.06903   0.18529   0.26200   0.05277   0.06594   0.24325   0.36759   0.36754   0.24839   0.22033   2.40422   0.16997   0.63926   0.20815   0.31010   0.29946   0.47905  
 38  0.0086  12838.646662  x:  0.54223   0.28599   2.13871   0.31029   0.08858   0.30588   0.04503   0.02053   0.01470   0.01913   0.02476   0.06860   0.18552   0.26193   0.05281   0.06568   0.24330   0.36729   0.36837   0.24872   0.22029   2.40013   0.16926   0.63800   0.20804   0.31038   0.30027   0.47845  
 39  0.0050  12838.646034  x:  0.54209   0.28596   2.14014   0.31039   0.08839   0.30607   0.04492   0.02046   0.01465   0.01915   0.02470   0.06865   0.18547   0.26169   0.05278   0.06557   0.24319   0.36713   0.36881   0.24863   0.22026   2.40012   0.16918   0.63741   0.20789   0.31036   0.30077   0.47852  
 40  0.0011  12838.645457  x:  0.54180   0.28570   2.14209   0.31042   0.08831   0.30607   0.04487   0.02048   0.01465   0.01917   0.02483   0.06878   0.18544   0.26156   0.05275   0.06564   0.24322   0.36695   0.36894   0.24861   0.22027   2.39850   0.16896   0.63752   0.20785   0.31041   0.30088   0.47837  
 41  0.0010  12838.644919  x:  0.54203   0.28571   2.14336   0.31055   0.08838   0.30600   0.04466   0.02047   0.01457   0.01917   0.02484   0.06877   0.18541   0.26173   0.05278   0.06566   0.24325   0.36710   0.36855   0.24867   0.22029   2.39812   0.16884   0.63820   0.20797   0.31035   0.30046   0.47854  
 42  0.0006  12838.644736  x:  0.54193   0.28595   2.14257   0.31057   0.08841   0.30599   0.04465   0.02047   0.01456   0.01914   0.02490   0.06877   0.18541   0.26171   0.05278   0.06559   0.24316   0.36719   0.36829   0.24860   0.22023   2.39800   0.16893   0.63776   0.20792   0.31028   0.30052   0.47888  
 43  0.0004  12838.644542  x:  0.54208   0.28572   2.14051   0.31031   0.08845   0.30591   0.04468   0.02047   0.01451   0.01916   0.02491   0.06880   0.18550   0.26168   0.05276   0.06562   0.24324   0.36714   0.36845   0.24863   0.22024   2.39811   0.16910   0.63739   0.20795   0.31037   0.30053   0.47854  
 44  0.0007  12838.644475  x:  0.54200   0.28583   2.13998   0.31038   0.08842   0.30605   0.04472   0.02047   0.01449   0.01916   0.02493   0.06875   0.18545   0.26171   0.05276   0.06564   0.24323   0.36711   0.36861   0.24863   0.22028   2.39821   0.16915   0.63768   0.20789   0.31028   0.30049   0.47838  
 45  0.0004  12838.644450  x:  0.54197   0.28581   2.14030   0.31036   0.08840   0.30597   0.04474   0.02047   0.01448   0.01916   0.02494   0.06875   0.18542   0.26170   0.05278   0.06562   0.24321   0.36713   0.36862   0.24863   0.22028   2.39850   0.16913   0.63789   0.20792   0.31037   0.30056   0.47851  
 46  0.0003  12838.644436  x:  0.54202   0.28582   2.14098   0.31037   0.08838   0.30600   0.04476   0.02047   0.01448   0.01916   0.02494   0.06875   0.18544   0.26171   0.05278   0.06563   0.24323   0.36712   0.36859   0.24865   0.22026   2.39862   0.16908   0.63780   0.20791   0.31033   0.30053   0.47856  
 47  0.0003  12838.644434  x:  0.54199   0.28583   2.14115   0.31041   0.08839   0.30600   0.04476   0.02047   0.01448   0.01916   0.02494   0.06875   0.18545   0.26171   0.05278   0.06563   0.24322   0.36713   0.36857   0.24863   0.22027   2.39869   0.16906   0.63778   0.20792   0.31035   0.30054   0.47854  
 48  0.0001  12838.644434  x:  0.54200   0.28582   2.14118   0.31043   0.08840   0.30600   0.04476   0.02047   0.01448   0.01916   0.02494   0.06875   0.18545   0.26171   0.05278   0.06563   0.24322   0.36713   0.36857   0.24864   0.22027   2.39870   0.16905   0.63779   0.20792   0.31034   0.30055   0.47855  
 49  0.0000  12838.644434  x:  0.54200   0.28582   2.14118   0.31042   0.08840   0.30600   0.04476   0.02047   0.01448   0.01916   0.02494   0.06875   0.18544   0.26171   0.05278   0.06563   0.24322   0.36713   0.36857   0.24864   0.22027   2.39870   0.16905   0.63779   0.20792   0.31034   0.30055   0.47855  
 50  0.0000  12838.644434  x:  0.54200   0.28582   2.14118   0.31042   0.08841   0.30600   0.04476   0.02047   0.01448   0.01916   0.02494   0.06875   0.18544   0.26171   0.05278   0.06563   0.24322   0.36713   0.36857   0.24864   0.22027   2.39870   0.16905   0.63779   0.20792   0.31034   0.30055   0.47855  
 51  0.0000  12838.644434  x:  0.54200   0.28582   2.14118   0.31042   0.08841   0.30600   0.04476   0.02047   0.01448   0.01916   0.02494   0.06875   0.18544   0.26171   0.05278   0.06563   0.24322   0.36713   0.36857   0.24864   0.22027   2.39870   0.16905   0.63779   0.20792   0.31034   0.30055   0.47855  
 52  0.0000  12838.644434  x:  0.54200   0.28582   2.14118   0.31042   0.08840   0.30600   0.04476   0.02047   0.01448   0.01916   0.02494   0.06875   0.18544   0.26171   0.05278   0.06563   0.24322   0.36713   0.36857   0.24864   0.22027   2.39870   0.16905   0.63779   0.20792   0.31034   0.30055   0.47855  