

TREE # 1

  0  0.0000   7517.186177  x:  0.02775   0.06531   0.04903   0.05067   0.09980   0.03253   0.01660   0.09261   0.09933   0.08494   0.10148   0.10753   0.05465   0.05081   0.10252   0.05478   0.04974   0.08779   0.04311   0.03735   0.01205   0.16814   0.21165   0.20777   0.21559  
  1 99.0000   6268.855412  x:  0.30783   0.16173   0.10499   0.23783   0.13021   0.22266   0.37742   0.12176   0.18071   0.30571   0.18460   0.19372   0.25766   0.16510   0.17219   0.21205   0.16667   0.17054   0.27168   0.54544   1.23059   0.83030   0.09200   0.19400   0.17532  
  2 7126.7926   6207.192176  x:  0.29760   0.15673   0.09685   0.23738   0.12073   0.22159   0.36259   0.11137   0.18169   0.32136   0.18864   0.19710   0.26006   0.16123   0.17603   0.21211   0.16377   0.17134   0.26916   0.53744   1.22523   0.86974   0.02734   0.20034   0.11081  
  3 810.1311   6160.870414  x:  0.28710   0.15226   0.08888   0.23787   0.11141   0.22190   0.34681   0.10113   0.18409   0.33827   0.19293   0.20057   0.26249   0.15685   0.18008   0.21179   0.16047   0.17209   0.26769   0.52905   1.21941   0.91178   0.02719   0.20705   0.03347  
  4 1643.2471   6092.617262  x:  0.19361   0.11848   0.03062   0.23460   0.03767   0.21819   0.20808   0.02634   0.20335   0.45132   0.21767   0.21981   0.27155   0.12018   0.20600   0.20183   0.13397   0.17249   0.28321   0.47698   1.16506   1.19238   0.05167   0.24621   0.05692  
  5 441.3734   6058.112688  x:  0.12299   0.12651   0.07684   0.24564   0.00511   0.24024   0.09503   0.14041   0.21583   0.53168   0.22856   0.22412   0.27113   0.10299   0.21891   0.17961   0.12495   0.17059   0.30703   0.42380   1.09715   1.43412   0.06367   0.23769   0.07299  
  6 644.5196   6040.405430  x:  0.17595   0.18333   0.07045   0.26287   0.05074   0.26779   0.10858   0.13724   0.21104   0.55690   0.21940   0.20443   0.26183   0.14241   0.20974   0.14850   0.16009   0.17068   0.34109   0.36475   0.99615   1.60889   0.06815   0.18140   0.08587  
  7 228.1990   6034.404983  x:  0.20288   0.19287   0.06928   0.27204   0.05248   0.27612   0.15397   0.15126   0.19554   0.55592   0.21777   0.19358   0.26420   0.15362   0.19608   0.14976   0.17350   0.16842   0.36665   0.33728   0.94245   1.68364   0.07025   0.23216   0.09299  
  8 199.3739   6031.274862  x:  0.21357   0.16687   0.07171   0.27838   0.02459   0.27476   0.18893   0.15604   0.16915   0.52186   0.21613   0.18894   0.27340   0.14285   0.17977   0.17066   0.16432   0.15911   0.40038   0.32933   0.91161   1.73069   0.07184   0.21457   0.09456  
  9 88.7370   6030.045028  x:  0.21430   0.15392   0.08950   0.28201   0.03147   0.27987   0.18165   0.14609   0.15209   0.48117   0.21493   0.19443   0.28118   0.14996   0.19573   0.18197   0.16405   0.16704   0.43586   0.33577   0.89534   1.75223   0.07189   0.21961   0.09364  
 10 48.5782   6029.512240  x:  0.21182   0.16706   0.08170   0.27561   0.03311   0.28233   0.17173   0.14608   0.15225   0.45381   0.21128   0.19362   0.27713   0.14048   0.18864   0.17864   0.16204   0.16658   0.46713   0.34764   0.89068   1.76188   0.07114   0.22537   0.09136  
 11 28.6906   6029.317141  x:  0.20717   0.16637   0.07481   0.27294   0.02906   0.28105   0.17314   0.14913   0.16271   0.44909   0.21370   0.19460   0.27259   0.14964   0.19161   0.17607   0.16230   0.16469   0.48578   0.35316   0.88604   1.76296   0.07070   0.22511   0.09012  
 12 16.1622   6029.118898  x:  0.20605   0.16306   0.08093   0.27688   0.02909   0.28082   0.17501   0.14536   0.17753   0.45479   0.21933   0.19629   0.26881   0.14540   0.18781   0.17451   0.16433   0.16539   0.50806   0.35708   0.87899   1.76129   0.06983   0.22466   0.08887  
 13 13.6002   6028.766534  x:  0.21413   0.16910   0.08287   0.28084   0.01729   0.28463   0.17150   0.14340   0.17432   0.47355   0.21449   0.19291   0.27647   0.14167   0.19721   0.17086   0.16031   0.16480   0.53754   0.35564   0.87185   1.75549   0.06903   0.22384   0.08723  
 14  8.7846   6027.951935  x:  0.20646   0.16012   0.06692   0.27991   0.02896   0.29995   0.16578   0.14799   0.14713   0.51236   0.21108   0.19313   0.28969   0.14028   0.19280   0.17191   0.16439   0.16528   0.58892   0.34508   0.86470   1.75012   0.06823   0.22035   0.08444  
 15 20.7606   6026.733879  x:  0.19184   0.17114   0.07990   0.27119   0.02364   0.29119   0.16145   0.13772   0.11027   0.53799   0.22368   0.19308   0.27039   0.15617   0.17856   0.17143   0.16836   0.15853   0.62473   0.32113   0.86850   1.76128   0.06854   0.21946   0.08180  
 16 18.8145   6023.569950  x:  0.18708   0.16759   0.07550   0.25441   0.04150   0.25131   0.17413   0.14107   0.09523   0.54958   0.23068   0.19597   0.23473   0.12984   0.21239   0.15782   0.15958   0.17329   0.65186   0.25496   0.87321   1.82050   0.06960   0.21749   0.07976  
 17 22.4661   6016.727653  x:  0.20390   0.16360   0.07066   0.25538   0.05010   0.21174   0.14543   0.14102   0.13970   0.53504   0.22200   0.21800   0.27734   0.14182   0.19405   0.16109   0.14430   0.16059   0.64960   0.14773   0.85689   1.94981   0.07099   0.22730   0.07726  
 18 48.5770   6007.733636  x:  0.17067   0.16206   0.06550   0.27418   0.01041   0.27019   0.13544   0.12444   0.18159   0.52004   0.20401   0.16222   0.28278   0.13957   0.19517   0.17690   0.19164   0.19266   0.58057   0.13639   0.77550   2.13537   0.07240   0.23209   0.07337  
 19 68.4060   5994.861447  x:  0.15295   0.16820   0.06460   0.28996   0.01166   0.35644   0.14324   0.10387   0.20014   0.53474   0.22439   0.17590   0.27003   0.13158   0.21739   0.17620   0.14090   0.13898   0.45017   0.24372   0.60273   2.41267   0.07413   0.24358   0.06957  
 20 155.4286   5991.219051  x:  0.16783   0.16585   0.05883   0.28542   0.00000   0.35207   0.13686   0.10796   0.19419   0.54248   0.23433   0.20236   0.27045   0.13145   0.21208   0.16906   0.14894   0.15868   0.41978   0.28352   0.55773   2.47141   0.07541   0.24370   0.06885  
 21 139.1443   5990.393567  x:  0.16718   0.15620   0.06348   0.28346   0.00000   0.32004   0.13387   0.10792   0.19006   0.54999   0.22171   0.18108   0.28011   0.13512   0.20759   0.15839   0.15314   0.15572   0.41283   0.31052   0.54484   2.49139   0.07613   0.24507   0.06779  
 22 33.0027   5990.275068  x:  0.16190   0.16322   0.06312   0.28343   0.00000   0.31034   0.13604   0.10830   0.19047   0.55235   0.22227   0.17859   0.28584   0.13433   0.20950   0.16787   0.15422   0.15670   0.41206   0.31489   0.54075   2.49362   0.07629   0.24382   0.06780  
 23 14.3980   5990.241465  x:  0.16145   0.16392   0.06308   0.28340   0.00559   0.30927   0.13620   0.10835   0.19056   0.55270   0.22200   0.17837   0.28619   0.13431   0.20966   0.16920   0.15426   0.15684   0.41195   0.31540   0.54025   2.49396   0.07631   0.24371   0.06780  
 24 14.5184   5990.203141  x:  0.16402   0.16311   0.06199   0.28595   0.00565   0.30782   0.13401   0.10912   0.19100   0.55418   0.21736   0.17852   0.28081   0.13533   0.20895   0.17538   0.15299   0.15709   0.41133   0.31627   0.53907   2.49584   0.07627   0.24424   0.06795  
 25  1.4299   5989.982797  x:  0.15903   0.16393   0.06418   0.28924   0.00556   0.30496   0.13921   0.10755   0.19098   0.55676   0.19988   0.19147   0.27726   0.13467   0.20899   0.17572   0.15750   0.15465   0.40510   0.31828   0.53119   2.50976   0.07616   0.24413   0.06912  
 26  3.1974   5987.722117  x:  0.18224   0.15240   0.06614   0.27130   0.00773   0.29494   0.14702   0.11085   0.18823   0.56903   0.22115   0.19656   0.28071   0.12861   0.21360   0.17938   0.16917   0.14514   0.34065   0.33048   0.45460   2.64476   0.07510   0.24435   0.08274  
 27 10.7257   5987.275341  x:  0.17939   0.15329   0.06539   0.27968   0.00836   0.29304   0.15296   0.11059   0.18663   0.57088   0.22517   0.19469   0.28316   0.13393   0.20736   0.17276   0.15102   0.16244   0.32821   0.33223   0.43976   2.67096   0.07469   0.24399   0.08555  
 28 33.3408   5987.247981  x:  0.17891   0.15365   0.06305   0.28776   0.00873   0.29139   0.15215   0.11129   0.18494   0.56977   0.22793   0.19501   0.28279   0.13349   0.20790   0.17072   0.15243   0.16116   0.32757   0.33224   0.43909   2.67201   0.07462   0.24412   0.08569  
 29  5.1264   5986.301205  x:  0.17970   0.15072   0.05995   0.28225   0.01140   0.27546   0.14639   0.10775   0.17564   0.58149   0.23715   0.20582   0.28010   0.13145   0.20552   0.16419   0.15179   0.16778   0.38969   0.32206   0.42065   2.69026   0.07035   0.24241   0.08668  
 30  0.1397   5985.874122  x:  0.17601   0.15369   0.05709   0.27580   0.01475   0.27033   0.13760   0.10370   0.17821   0.57371   0.23753   0.20805   0.27631   0.13082   0.20525   0.16173   0.15229   0.17041   0.36506   0.30890   0.44324   2.66587   0.06642   0.24245   0.09063  
 31  0.0509   5985.621677  x:  0.17734   0.15189   0.05678   0.27867   0.01582   0.28078   0.14600   0.10197   0.18035   0.57201   0.23207   0.20206   0.27708   0.13179   0.20733   0.16611   0.15246   0.16656   0.35248   0.30538   0.42576   2.65945   0.06278   0.24216   0.09490  
 32  0.0122   5984.961360  x:  0.17850   0.15797   0.06413   0.28534   0.01644   0.26249   0.14473   0.10532   0.18744   0.56169   0.22834   0.19551   0.28265   0.13507   0.20175   0.16588   0.15422   0.16204   0.35472   0.32472   0.40850   2.51986   0.06091   0.24190   0.09312  
 33  0.0236   5984.234609  x:  0.17392   0.15303   0.05655   0.27496   0.01656   0.27309   0.13657   0.11112   0.18114   0.55692   0.23277   0.20340   0.27434   0.13202   0.20182   0.16142   0.15167   0.16591   0.34829   0.31066   0.38280   2.40423   0.06201   0.24075   0.09079  
 34  0.0615   5984.143653  x:  0.17326   0.15217   0.06094   0.27350   0.01770   0.26683   0.13776   0.10666   0.17771   0.55608   0.23261   0.20407   0.27243   0.13047   0.20478   0.16184   0.15079   0.16846   0.34091   0.30074   0.38054   2.40703   0.06325   0.24023   0.09288  
 35  0.0148   5984.115858  x:  0.17314   0.15239   0.05823   0.27301   0.01879   0.26447   0.13901   0.10568   0.17846   0.55471   0.23139   0.20305   0.27260   0.13110   0.20440   0.16196   0.15018   0.16796   0.34213   0.30079   0.38144   2.40095   0.06419   0.24010   0.09447  
 36  0.0049   5984.111437  x:  0.17328   0.15241   0.05846   0.27318   0.01868   0.26573   0.13853   0.10452   0.17890   0.55530   0.23157   0.20340   0.27279   0.13106   0.20418   0.16204   0.15067   0.16757   0.34170   0.30286   0.37873   2.40072   0.06424   0.24027   0.09485  
 37  0.0046   5984.111050  x:  0.17337   0.15207   0.05855   0.27318   0.01864   0.26591   0.13866   0.10441   0.17886   0.55572   0.23184   0.20357   0.27273   0.13088   0.20418   0.16196   0.15066   0.16753   0.34168   0.30281   0.37948   2.39877   0.06422   0.24029   0.09488  
 38  0.0024   5984.111016  x:  0.17338   0.15208   0.05849   0.27316   0.01862   0.26585   0.13870   0.10443   0.17885   0.55603   0.23190   0.20362   0.27276   0.13086   0.20422   0.16192   0.15063   0.16752   0.34156   0.30281   0.37935   2.39910   0.06422   0.24033   0.09490  
 39  0.0005   5984.111015  x:  0.17337   0.15209   0.05850   0.27318   0.01861   0.26585   0.13870   0.10443   0.17887   0.55605   0.23189   0.20361   0.27276   0.13087   0.20422   0.16192   0.15063   0.16753   0.34158   0.30279   0.37937   2.39909   0.06422   0.24034   0.09490  
 40  0.0001   5984.111015  x:  0.17337   0.15209   0.05850   0.27318   0.01861   0.26585   0.13870   0.10443   0.17887   0.55605   0.23189   0.20361   0.27277   0.13087   0.20422   0.16192   0.15063   0.16753   0.34158   0.30279   0.37937   2.39909   0.06422   0.24034   0.09490  
 41  0.0000   5984.111015  x:  0.17337   0.15209   0.05850   0.27318   0.01861   0.26585   0.13870   0.10443   0.17887   0.55605   0.23189   0.20361   0.27277   0.13087   0.20422   0.16192   0.15063   0.16753   0.34158   0.30279   0.37937   2.39909   0.06422   0.24034   0.09490  
 42  0.0000   5984.111015  x:  0.17337   0.15209   0.05850   0.27318   0.01861   0.26585   0.13870   0.10443   0.17887   0.55605   0.23189   0.20361   0.27277   0.13087   0.20422   0.16192   0.15063   0.16753   0.34158   0.30279   0.37937   2.39909   0.06422   0.24034   0.09490  