

TREE # 1

  0  0.0000  10164.271576  x:  0.80338   0.69149   2.50000   5.62651   9.11262  
  1 99.0000   9620.448437  x:  1.88675   0.08754   0.40916   5.42541   9.15205  
  2 229.4932   9532.096237  x:  3.07104  -0.00998   0.47290   4.42357   9.04240  
  3 98.2051   9511.779576  x:  3.16489   0.23652   0.32262   3.87643   8.98709  
  4 92.4489   9436.866304  x:  2.49571  -0.42959   0.21675   1.83922   9.79879  
  5 23.5927   9427.697122  x:  2.48056  -0.23927   0.19379   1.50453   9.96239  
  6 20.4656   9360.278788  x:  3.26422   2.30511   0.19070   1.14875  11.88401  
  7  7.6464   9339.540519  x:  3.28262   2.92317   0.16514   1.34309  12.57600  
  8  2.0796   9312.812643  x:  3.45900   2.91730   0.08002   1.30581  11.97034  
  9  1.2278   9299.548866  x:  3.40160   2.83984   0.11914   1.15705   1.95144  
 10  1.2526   9275.713707  x:  3.52815   3.05206   0.10770   1.14798   3.96023  
 11  8.9568   9266.014489  x:  3.45389   3.46197   0.05392   1.01714   3.75699  
 12  0.6772   9256.767879  x:  2.16598   2.09420   0.06081   1.16333   3.43181  
 13  0.5624   9251.734377  x:  1.52667   1.43937   0.05360   1.11552   3.13570  
 14  2.6718   9235.757700  x:  1.05627   1.07065   0.02574   0.75175   2.40689  
 15  1.0451   9233.310809  x:  1.22401   1.20919   0.03443   0.71310   2.45569  
 16  0.6325   9232.411006  x:  1.35274   1.23288   0.03226   0.73665   2.53534  
 17  0.2638   9232.210756  x:  1.32171   1.12979   0.03528   0.74503   2.53565  
 18  0.1767   9232.187543  x:  1.30927   1.10858   0.03458   0.73635   2.49952  
 19  0.0719   9232.187126  x:  1.30789   1.10706   0.03446   0.73577   2.50178  
 20  0.0070   9232.187086  x:  1.30754   1.10682   0.03441   0.73592   2.50151  
 21  0.0005   9232.187086  x:  1.30754   1.10684   0.03441   0.73592   2.50152  
 22  0.0000   9232.187086  x:  1.30754   1.10684   0.03441   0.73592   2.50152  
 23  0.0000   9232.187086  x:  1.30754   1.10684   0.03441   0.73592   2.50152  