Supplemental results for CODEML (seqf: /dados/leticia/codeml_tutorial/exercise4/ex4_results/seqfile.txt  treef: treefile_M8.txt)


MLEs of dN/dS (w) for site classes (K=11)

p:   0.08884  0.08884  0.08884  0.08884  0.08884  0.08884  0.08884  0.08884  0.08884  0.08884  0.11164
w:   0.00000  0.00048  0.00637  0.03433  0.11641  0.28647  0.53773  0.79064  0.94945  0.99805  2.62369

Naive Empirical Bayes (NEB) probabilities for 11 classes & postmean_w & P(w>1)
(amino acids refer to 1st sequence: AJ344371)

   1 M   0.25770 0.25624 0.23905 0.17197 0.06555 0.00898 0.00049 0.00003 0.00000 0.00000 0.00000 ( 1)  0.018  0.000
   2 G   0.23054 0.22976 0.22036 0.18075 0.10118 0.03062 0.00532 0.00093 0.00032 0.00023 0.00000 ( 1)  0.032  0.000
   3 A   0.23940 0.23843 0.22693 0.17951 0.09038 0.02201 0.00280 0.00036 0.00010 0.00007 0.00000 ( 1)  0.027  0.000
   4 S   0.23504 0.23417 0.22377 0.18039 0.09591 0.02603 0.00383 0.00057 0.00017 0.00012 0.00000 ( 1)  0.029  0.000
   5 G   0.26442 0.26272 0.24287 0.16732 0.05635 0.00606 0.00024 0.00001 0.00000 0.00000 0.00000 ( 1)  0.016  0.000
   6 S   0.19148 0.19116 0.18737 0.17035 0.12886 0.07234 0.03092 0.01318 0.00773 0.00657 0.00004 ( 1)  0.084  0.000
   7 K   0.25489 0.25352 0.23731 0.17349 0.06943 0.01060 0.00069 0.00005 0.00001 0.00001 0.00000 ( 1)  0.019  0.000
   8 R   0.00000 0.00000 0.00000 0.00000 0.00049 0.04376 0.26133 0.29296 0.21415 0.18725 0.00006 ( 8)  0.775  0.000
   9 R   0.00000 0.00000 0.00000 0.00000 0.00000 0.00000 0.00007 0.00235 0.01004 0.01455 0.97298 (11)  2.579  0.973
  10 S   0.19148 0.19116 0.18737 0.17035 0.12886 0.07234 0.03092 0.01318 0.00773 0.00657 0.00004 ( 1)  0.084  0.000
  11 R   0.00000 0.00000 0.00000 0.00000 0.00000 0.00002 0.00711 0.11371 0.30603 0.38373 0.18940 (10)  1.264  0.189
  12 S   0.00001 0.00162 0.02084 0.09942 0.23601 0.27807 0.17669 0.08784 0.05356 0.04578 0.00017 ( 6)  0.372  0.000
  13 L   0.00000 0.00000 0.00000 0.00000 0.00000 0.00012 0.00923 0.07979 0.18283 0.22325 0.50478 (11)  1.789  0.505
  14 Q   0.00000 0.00000 0.00000 0.00000 0.00003 0.00584 0.08858 0.24689 0.31524 0.32623 0.01720 (10)  0.915  0.017
  15 G   0.00000 0.00000 0.00000 0.00003 0.00701 0.14825 0.35841 0.23841 0.13638 0.11151 0.00001 ( 7)  0.665  0.000
  16 L   0.21741 0.21683 0.20988 0.17983 0.11437 0.04500 0.01148 0.00295 0.00127 0.00098 0.00000 ( 1)  0.045  0.000
  17 Q   0.00000 0.00000 0.00000 0.00000 0.00000 0.00005 0.00659 0.07576 0.19259 0.24085 0.48417 (11)  1.757  0.484
  18 E   0.00000 0.00000 0.00010 0.01171 0.18987 0.47046 0.23274 0.05839 0.02129 0.01544 0.00000 ( 6)  0.364  0.000
  19 R   0.25947 0.25794 0.24008 0.17081 0.06311 0.00816 0.00041 0.00002 0.00000 0.00000 0.00000 ( 1)  0.017  0.000
  20 L   0.19343 0.19310 0.18913 0.17135 0.12828 0.07051 0.02923 0.01209 0.00696 0.00588 0.00003 ( 1)  0.080  0.000
  21 L   0.00001 0.00148 0.01906 0.09148 0.22125 0.27118 0.18310 0.09704 0.06168 0.05340 0.00032 ( 6)  0.395  0.000
  22 R   0.00000 0.00000 0.00000 0.00000 0.00115 0.03691 0.18582 0.27185 0.25698 0.24506 0.00222 ( 8)  0.820  0.002
  23 A   0.00000 0.00000 0.00005 0.00562 0.10811 0.37633 0.29799 0.11542 0.05418 0.04231 0.00000 ( 6)  0.466  0.000
  24 R   0.00000 0.00000 0.00000 0.00000 0.00000 0.00062 0.02506 0.14430 0.27171 0.31435 0.24396 (10)  1.340  0.244
  25 G   0.00000 0.00000 0.00016 0.01828 0.26227 0.50427 0.17139 0.02945 0.00846 0.00571 0.00000 ( 6)  0.305  0.000
  26 E   0.00000 0.00000 0.00000 0.00000 0.00014 0.01909 0.17904 0.29236 0.26377 0.24522 0.00038 ( 8)  0.829  0.000
  27 T   0.00000 0.00000 0.00000 0.00000 0.00001 0.00180 0.04228 0.17972 0.29629 0.33107 0.14884 (10)  1.168  0.149
  28 C   0.00000 0.00000 0.00000 0.00000 0.00008 0.00754 0.08780 0.23602 0.30952 0.32444 0.03460 (10)  0.944  0.035
  29 G   0.25241 0.25111 0.23576 0.17480 0.07288 0.01208 0.00088 0.00007 0.00001 0.00001 0.00000 ( 1)  0.020  0.000
  30 G   0.00000 0.00000 0.00000 0.00139 0.07363 0.41265 0.33406 0.10573 0.04174 0.03079 0.00000 ( 6)  0.460  0.000
  31 R   0.00000 0.00000 0.00000 0.00000 0.00000 0.00000 0.00000 0.00001 0.00007 0.00013 0.99979 (11)  2.623  1.000
  32 C   0.00000 0.00000 0.00000 0.00000 0.00000 0.00000 0.00036 0.00666 0.02264 0.03091 0.93942 (11)  2.523  0.939
  33 N   0.00000 0.00000 0.00000 0.00000 0.00000 0.00000 0.00000 0.00000 0.00001 0.00002 0.99997 (11)  2.624  1.000
  34 E   0.00000 0.00000 0.00000 0.00000 0.00000 0.00002 0.00852 0.13705 0.34884 0.42754 0.07803 (10)  1.076  0.078
  35 S   0.00000 0.00000 0.00049 0.01240 0.09527 0.25128 0.26140 0.16715 0.11274 0.09881 0.00046 ( 7)  0.563  0.000
  36 E   0.00000 0.00000 0.00000 0.00000 0.00000 0.00103 0.06276 0.25857 0.33529 0.34089 0.00147 (10)  0.901  0.001
  37 G   0.00000 0.00000 0.00000 0.00000 0.00242 0.09447 0.32662 0.26679 0.16831 0.14138 0.00002 ( 7)  0.715  0.000
  38 G   0.00000 0.00000 0.00000 0.00000 0.00000 0.00194 0.08657 0.27976 0.31880 0.31238 0.00055 ( 9)  0.884  0.001
  39 Y   0.00000 0.00000 0.00000 0.00003 0.00265 0.04422 0.17312 0.25548 0.25880 0.25375 0.01196 ( 9)  0.838  0.012
  40 L   0.00000 0.00000 0.00000 0.00000 0.00000 0.00000 0.00035 0.00597 0.01977 0.02686 0.94705 (11)  2.535  0.947
  41 Q   0.00000 0.00000 0.00000 0.00000 0.00019 0.01436 0.12735 0.26298 0.29382 0.29348 0.00781 ( 9)  0.873  0.008
  42 S   0.00000 0.00000 0.00000 0.00000 0.00000 0.00000 0.00057 0.00767 0.02309 0.03063 0.93803 (11)  2.520  0.938
  43 H   0.00000 0.00000 0.00003 0.00332 0.07008 0.29594 0.31045 0.15879 0.08853 0.07285 0.00003 ( 7)  0.542  0.000
  44 E   0.00000 0.00000 0.00000 0.00002 0.01092 0.25384 0.42601 0.17736 0.07543 0.05641 0.00000 ( 7)  0.571  0.000
  45 G   0.00000 0.00000 0.00000 0.00000 0.00000 0.00112 0.06801 0.26671 0.33138 0.33208 0.00069 (10)  0.896  0.001
  46 S   0.22725 0.22652 0.21781 0.18082 0.10484 0.03409 0.00658 0.00128 0.00046 0.00034 0.00000 ( 1)  0.035  0.000
  47 G   0.00000 0.00000 0.00000 0.00000 0.00002 0.00347 0.06528 0.22291 0.32101 0.34428 0.04303 (10)  0.974  0.043
  48 R   0.00000 0.00000 0.00000 0.00080 0.04718 0.32721 0.35584 0.14785 0.06833 0.05279 0.00000 ( 7)  0.525  0.000
  49 E   0.00000 0.00000 0.00000 0.00000 0.00043 0.03989 0.24791 0.29257 0.22224 0.19682 0.00013 ( 8)  0.784  0.000
  50 Q   0.22340 0.22273 0.21476 0.18064 0.10883 0.03830 0.00830 0.00181 0.00070 0.00053 0.00000 ( 1)  0.038  0.000
  51 R   0.00000 0.00000 0.00000 0.00000 0.00000 0.00063 0.04545 0.23247 0.34767 0.36926 0.00452 (10)  0.919  0.005
  52 S   0.00000 0.00000 0.00000 0.00000 0.00066 0.02386 0.14482 0.25979 0.28076 0.27914 0.01097 ( 9)  0.864  0.011
  53 P   0.00000 0.00000 0.00020 0.00536 0.04639 0.15620 0.23197 0.21097 0.17699 0.16574 0.00617 ( 7)  0.692  0.006
  54 S   0.19180 0.19148 0.18766 0.17052 0.12877 0.07205 0.03064 0.01300 0.00760 0.00645 0.00004 ( 1)  0.083  0.000
  55 C   0.00001 0.00241 0.03067 0.14136 0.30350 0.29058 0.13612 0.04990 0.02516 0.02029 0.00001 ( 5)  0.280  0.000
  56 E   0.25673 0.25530 0.23841 0.17237 0.06689 0.00966 0.00059 0.00004 0.00001 0.00000 0.00000 ( 1)  0.018  0.000
  57 G   0.26344 0.26178 0.24232 0.16804 0.05768 0.00645 0.00027 0.00001 0.00000 0.00000 0.00000 ( 1)  0.016  0.000
  58 Q   0.00000 0.00000 0.00052 0.01325 0.10416 0.27617 0.27093 0.15569 0.09668 0.08247 0.00013 ( 6)  0.535  0.000
  59 R   0.00000 0.00000 0.00000 0.00000 0.00005 0.00761 0.10093 0.25305 0.30701 0.31351 0.01784 (10)  0.908  0.018
  60 Y   0.21894 0.21834 0.21115 0.18012 0.11307 0.04328 0.01059 0.00260 0.00108 0.00083 0.00000 ( 1)  0.043  0.000
  61 Q   0.00000 0.00000 0.00000 0.00000 0.00000 0.00138 0.04379 0.19902 0.32415 0.35894 0.07272 (10)  1.038  0.073
  62 E   0.00000 0.00000 0.00000 0.00001 0.00138 0.04146 0.19425 0.27094 0.25116 0.23841 0.00240 ( 8)  0.813  0.002
  63 G   0.26285 0.26121 0.24199 0.16846 0.05848 0.00670 0.00029 0.00001 0.00000 0.00000 0.00000 ( 1)  0.016  0.000
  64 D   0.00000 0.00000 0.00005 0.00583 0.11144 0.38292 0.29646 0.11181 0.05151 0.03998 0.00000 ( 6)  0.459  0.000
  65 Y   0.00000 0.00000 0.00051 0.01289 0.09853 0.25696 0.26234 0.16417 0.10909 0.09515 0.00035 ( 7)  0.556  0.000
  66 M   0.00000 0.00003 0.00471 0.09868 0.43757 0.37209 0.07407 0.00917 0.00223 0.00144 0.00000 ( 5)  0.212  0.000
  67 N   0.24321 0.24215 0.22963 0.17851 0.08541 0.01873 0.00204 0.00023 0.00006 0.00004 0.00000 ( 1)  0.024  0.000
  68 T   0.20648 0.20603 0.20065 0.17696 0.12243 0.05720 0.01868 0.00609 0.00303 0.00244 0.00000 ( 1)  0.058  0.000
  69 P   0.23842 0.23747 0.22624 0.17976 0.09166 0.02287 0.00299 0.00040 0.00011 0.00008 0.00000 ( 1)  0.027  0.000
  70 W   0.00000 0.00000 0.00051 0.01281 0.09805 0.25608 0.26217 0.16462 0.10966 0.09572 0.00037 ( 7)  0.557  0.000
  71 R   0.00000 0.00000 0.00000 0.00018 0.02905 0.33602 0.39430 0.14149 0.05696 0.04201 0.00000 ( 7)  0.520  0.000
  72 T   0.00000 0.00000 0.00000 0.00000 0.00000 0.00000 0.00043 0.00859 0.02948 0.04024 0.92125 (11)  2.492  0.921
  73 P   0.00002 0.00420 0.05274 0.22613 0.39301 0.24391 0.06088 0.01201 0.00413 0.00297 0.00000 ( 5)  0.173  0.000
  74 A   0.00000 0.00000 0.00000 0.00006 0.01234 0.19771 0.37192 0.21241 0.11391 0.09164 0.00001 ( 7)  0.626  0.000
  75 T   0.00000 0.00000 0.00000 0.00000 0.00000 0.00000 0.00005 0.00344 0.01828 0.02770 0.95052 (11)  2.542  0.951
  76 E   0.00000 0.00000 0.00023 0.02466 0.31878 0.50052 0.13042 0.01787 0.00455 0.00297 0.00000 ( 6)  0.273  0.000
  77 R   0.00000 0.00000 0.00000 0.00000 0.00000 0.00000 0.00067 0.02453 0.09893 0.13872 0.73714 (11)  2.186  0.737
  78 E   0.00003 0.00673 0.08266 0.32150 0.42136 0.14863 0.01691 0.00160 0.00036 0.00023 0.00000 ( 5)  0.114  0.000
  79 K   0.00000 0.00000 0.00000 0.00000 0.00000 0.00017 0.02788 0.20940 0.36009 0.39532 0.00714 (10)  0.936  0.007
  80 E   0.00000 0.00000 0.00000 0.00000 0.00000 0.00005 0.01349 0.15505 0.34542 0.40998 0.07601 (10)  1.066  0.076
  81 L   0.00000 0.00000 0.00000 0.00000 0.00000 0.00000 0.00001 0.00063 0.00312 0.00472 0.99151 (11)  2.610  0.992
  82 Y   0.00001 0.00182 0.02330 0.11013 0.25451 0.28394 0.16683 0.07688 0.04476 0.03773 0.00009 ( 6)  0.346  0.000
  83 K   0.00000 0.00000 0.00000 0.00000 0.00000 0.00192 0.07425 0.26080 0.32805 0.33270 0.00228 (10)  0.896  0.002
  84 Q   0.23365 0.23280 0.22270 0.18046 0.09750 0.02749 0.00433 0.00069 0.00022 0.00016 0.00000 ( 1)  0.030  0.000
  85 Q   0.00001 0.00375 0.04723 0.20601 0.37661 0.26010 0.07643 0.01788 0.00687 0.00510 0.00000 ( 5)  0.193  0.000
  86 N   0.24397 0.24290 0.23017 0.17829 0.08440 0.01809 0.00190 0.00020 0.00005 0.00003 0.00000 ( 1)  0.024  0.000
  87 M   0.25770 0.25624 0.23905 0.17197 0.06555 0.00898 0.00049 0.00003 0.00000 0.00000 0.00000 ( 1)  0.018  0.000
  88 D   0.24751 0.24635 0.23257 0.17700 0.07961 0.01539 0.00140 0.00013 0.00003 0.00002 0.00000 ( 1)  0.022  0.000
  89 D   0.00002 0.00524 0.06514 0.26833 0.41493 0.20292 0.03596 0.00508 0.00143 0.00096 0.00000 ( 5)  0.142  0.000
  90 V   0.00002 0.00626 0.07717 0.30576 0.42228 0.16438 0.02110 0.00219 0.00051 0.00033 0.00000 ( 5)  0.121  0.000
  91 D   0.24761 0.24644 0.23263 0.17697 0.07948 0.01531 0.00138 0.00013 0.00003 0.00002 0.00000 ( 1)  0.022  0.000
  92 L   0.00000 0.00000 0.00000 0.00000 0.00009 0.00833 0.09494 0.24440 0.30963 0.32086 0.02175 (10)  0.918  0.022
  93 D   0.00002 0.00542 0.06729 0.27529 0.41716 0.19578 0.03270 0.00436 0.00118 0.00079 0.00000 ( 5)  0.137  0.000
  94 D   0.00002 0.00537 0.06672 0.27346 0.41665 0.19767 0.03351 0.00453 0.00124 0.00083 0.00000 ( 5)  0.139  0.000
  95 D   0.00000 0.00000 0.00000 0.00073 0.04333 0.31034 0.35534 0.15635 0.07514 0.05877 0.00000 ( 7)  0.539  0.000
  96 D   0.00000 0.00000 0.00004 0.00538 0.10450 0.37087 0.30069 0.11854 0.05608 0.04388 0.00000 ( 6)  0.471  0.000
  97 Q   0.00000 0.00000 0.00000 0.00000 0.00000 0.00049 0.02273 0.14162 0.27546 0.32122 0.23847 (10)  1.332  0.238
  98 V   0.00000 0.00000 0.00000 0.00009 0.01720 0.24502 0.38863 0.18763 0.09071 0.07072 0.00000 ( 7)  0.586  0.000
  99 G   0.25678 0.25534 0.23846 0.17242 0.06683 0.00956 0.00057 0.00003 0.00001 0.00000 0.00000 ( 1)  0.018  0.000
 100 F   0.00000 0.00000 0.00000 0.00000 0.00037 0.01522 0.11147 0.24115 0.29286 0.30170 0.03723 (10)  0.932  0.037
 101 P   0.00000 0.00000 0.00000 0.00000 0.00000 0.00000 0.00001 0.00044 0.00213 0.00321 0.99422 (11)  2.614  0.994
 102 V   0.20812 0.20765 0.20205 0.17748 0.12136 0.05539 0.01751 0.00555 0.00271 0.00217 0.00000 ( 1)  0.056  0.000
 103 T   0.00000 0.00000 0.00000 0.00000 0.00000 0.00323 0.08739 0.26625 0.32012 0.32140 0.00161 (10)  0.887  0.002
 104 P   0.00000 0.00001 0.00199 0.04581 0.26847 0.40537 0.18682 0.05330 0.02180 0.01641 0.00000 ( 6)  0.329  0.000
 105 K   0.00000 0.00000 0.00000 0.00000 0.00002 0.00788 0.14323 0.29789 0.28437 0.26642 0.00020 ( 8)  0.851  0.000
 106 V   0.00000 0.00000 0.00000 0.00006 0.01149 0.18860 0.36742 0.21716 0.11895 0.09632 0.00001 ( 7)  0.634  0.000
 107 P   0.00000 0.00000 0.00000 0.00000 0.00006 0.00911 0.11516 0.26659 0.30260 0.30202 0.00446 ( 9)  0.876  0.004
 108 L   0.00001 0.00209 0.02668 0.12456 0.27782 0.28835 0.15282 0.06375 0.03495 0.02893 0.00004 ( 6)  0.314  0.000
 109 R   0.25847 0.25699 0.23949 0.17143 0.06448 0.00865 0.00046 0.00003 0.00000 0.00000 0.00000 ( 1)  0.018  0.000
 110 P   0.00000 0.00000 0.00000 0.00000 0.00000 0.00000 0.00017 0.00911 0.04388 0.06451 0.88234 (11)  2.428  0.882
 111 M   0.25770 0.25624 0.23905 0.17197 0.06555 0.00898 0.00049 0.00003 0.00000 0.00000 0.00000 ( 1)  0.018  0.000
 112 T   0.24957 0.24835 0.23394 0.17617 0.07680 0.01390 0.00114 0.00010 0.00002 0.00001 0.00000 ( 1)  0.021  0.000
 113 F   0.00000 0.00000 0.00000 0.00000 0.00001 0.00228 0.04963 0.19583 0.30860 0.34018 0.10348 (10)  1.086  0.103
 114 K   0.00000 0.00000 0.00000 0.00000 0.00002 0.00719 0.12683 0.28731 0.29496 0.28310 0.00059 ( 9)  0.862  0.001
 115 L   0.00000 0.00000 0.00000 0.00000 0.00000 0.00057 0.01791 0.10061 0.19587 0.23003 0.45502 (11)  1.699  0.455
 116 A   0.25372 0.25238 0.23659 0.17414 0.07106 0.01127 0.00077 0.00005 0.00001 0.00001 0.00000 ( 1)  0.020  0.000
 117 V   0.00000 0.00000 0.00000 0.00000 0.00000 0.00019 0.02625 0.20119 0.36162 0.40303 0.00772 (10)  0.939  0.008
 118 D   0.24626 0.24512 0.23171 0.17744 0.08130 0.01636 0.00158 0.00016 0.00004 0.00002 0.00000 ( 1)  0.023  0.000
 119 M   0.25770 0.25624 0.23905 0.17197 0.06555 0.00898 0.00049 0.00003 0.00000 0.00000 0.00000 ( 1)  0.018  0.000
 120 S   0.22699 0.22627 0.21760 0.18082 0.10512 0.03438 0.00669 0.00131 0.00048 0.00035 0.00000 ( 1)  0.035  0.000
 121 H   0.00000 0.00001 0.00148 0.03499 0.22020 0.38461 0.21872 0.07664 0.03555 0.02780 0.00000 ( 6)  0.377  0.000
 122 F   0.00000 0.00000 0.00000 0.00000 0.00000 0.00001 0.00183 0.02442 0.06952 0.09020 0.81403 (11)  2.312  0.814
 123 L   0.00003 0.00726 0.08886 0.33937 0.42063 0.13071 0.01199 0.00089 0.00017 0.00010 0.00000 ( 5)  0.106  0.000
 124 K   0.26842 0.26657 0.24498 0.16417 0.05103 0.00467 0.00015 0.00001 0.00000 0.00000 0.00000 ( 1)  0.015  0.000
 125 E   0.00000 0.00000 0.00000 0.00000 0.00000 0.00323 0.09816 0.27905 0.31222 0.30621 0.00113 ( 9)  0.879  0.001
 126 K   0.00000 0.00000 0.00014 0.01629 0.24193 0.49935 0.18810 0.03575 0.01093 0.00751 0.00000 ( 6)  0.319  0.000
 127 G   0.25225 0.25095 0.23565 0.17488 0.07310 0.01218 0.00090 0.00007 0.00001 0.00001 0.00000 ( 1)  0.020  0.000
 128 G   0.26465 0.26294 0.24299 0.16715 0.05605 0.00598 0.00023 0.00001 0.00000 0.00000 0.00000 ( 1)  0.016  0.000
 129 L   0.20614 0.20569 0.20035 0.17681 0.12259 0.05756 0.01896 0.00625 0.00312 0.00253 0.00000 ( 1)  0.059  0.000
 130 E   0.00003 0.00878 0.10621 0.38317 0.40384 0.09192 0.00566 0.00030 0.00005 0.00003 0.00000 ( 5)  0.091  0.000
 131 G   0.25260 0.25130 0.23588 0.17470 0.07260 0.01197 0.00087 0.00007 0.00001 0.00001 0.00000 ( 1)  0.020  0.000
 132 I   0.00000 0.00000 0.00000 0.00166 0.08524 0.44774 0.32267 0.08859 0.03157 0.02252 0.00000 ( 6)  0.434  0.000
 133 F   0.00000 0.00000 0.00000 0.00004 0.00344 0.05404 0.19307 0.25915 0.24699 0.23764 0.00565 ( 8)  0.811  0.006
 134 Y   0.00001 0.00193 0.02468 0.11610 0.26447 0.28642 0.16116 0.07114 0.04032 0.03371 0.00006 ( 6)  0.332  0.000
 135 S   0.00000 0.00000 0.00003 0.00360 0.07538 0.31109 0.31239 0.15109 0.08081 0.06560 0.00001 ( 7)  0.528  0.000
 136 H   0.00000 0.00000 0.00000 0.00000 0.00002 0.00977 0.15626 0.29878 0.27685 0.25793 0.00040 ( 8)  0.844  0.000
 137 R   0.00000 0.00000 0.00000 0.00016 0.02741 0.32567 0.39587 0.14648 0.05997 0.04444 0.00000 ( 7)  0.526  0.000
 138 R   0.25926 0.25774 0.23995 0.17094 0.06339 0.00826 0.00042 0.00002 0.00000 0.00000 0.00000 ( 1)  0.018  0.000
 139 H   0.00000 0.00001 0.00151 0.03569 0.22349 0.38645 0.21666 0.07488 0.03445 0.02687 0.00000 ( 6)  0.373  0.000
 140 K   0.00000 0.00000 0.00000 0.00000 0.00000 0.00130 0.06997 0.26596 0.33045 0.33167 0.00065 (10)  0.895  0.001
 141 I   0.21085 0.21035 0.20440 0.17836 0.11961 0.05239 0.01556 0.00462 0.00216 0.00171 0.00000 ( 1)  0.052  0.000
 142 L   0.20751 0.20705 0.20151 0.17720 0.12162 0.05601 0.01802 0.00584 0.00290 0.00234 0.00000 ( 1)  0.057  0.000
 143 D   0.24321 0.24215 0.22963 0.17852 0.08541 0.01872 0.00204 0.00022 0.00006 0.00004 0.00000 ( 1)  0.024  0.000
 144 L   0.00000 0.00000 0.00000 0.00000 0.00064 0.05559 0.29973 0.29116 0.19131 0.16155 0.00001 ( 7)  0.750  0.000
 145 Y   0.20966 0.20918 0.20338 0.17797 0.12036 0.05369 0.01641 0.00502 0.00240 0.00192 0.00000 ( 1)  0.054  0.000
 146 L   0.00001 0.00173 0.02221 0.10531 0.24586 0.28052 0.17100 0.08215 0.04921 0.04186 0.00016 ( 6)  0.359  0.000
 147 E   0.00003 0.00836 0.10143 0.37153 0.40918 0.10180 0.00712 0.00043 0.00007 0.00004 0.00000 ( 5)  0.094  0.000
 148 K   0.00000 0.00000 0.00000 0.00134 0.07129 0.40610 0.33655 0.10891 0.04356 0.03225 0.00000 ( 6)  0.465  0.000
 149 E   0.00000 0.00004 0.00714 0.13994 0.51177 0.30010 0.03696 0.00307 0.00061 0.00037 0.00000 ( 5)  0.174  0.000
 150 E   0.00003 0.00737 0.09009 0.34209 0.41839 0.12864 0.01212 0.00097 0.00020 0.00012 0.00000 ( 5)  0.105  0.000
 151 G   0.25345 0.25212 0.23641 0.17426 0.07144 0.01145 0.00080 0.00006 0.00001 0.00001 0.00000 ( 1)  0.020  0.000
 152 I   0.00000 0.00003 0.00559 0.11420 0.47051 0.34562 0.05622 0.00579 0.00127 0.00079 0.00000 ( 5)  0.195  0.000
 153 V   0.00000 0.00000 0.00000 0.00005 0.00452 0.06628 0.21395 0.25979 0.23274 0.21976 0.00291 ( 8)  0.788  0.003
 154 A   0.00000 0.00000 0.00000 0.00000 0.00011 0.01483 0.15060 0.28192 0.28122 0.26999 0.00132 ( 8)  0.848  0.001
 155 D   0.24696 0.24581 0.23219 0.17720 0.08036 0.01581 0.00148 0.00014 0.00003 0.00002 0.00000 ( 1)  0.023  0.000
 156 W   0.21141 0.21091 0.20487 0.17850 0.11919 0.05176 0.01519 0.00446 0.00207 0.00164 0.00000 ( 1)  0.052  0.000
 157 Q   0.22383 0.22315 0.21510 0.18066 0.10839 0.03783 0.00811 0.00175 0.00067 0.00050 0.00000 ( 1)  0.038  0.000
 158 N   0.00000 0.00000 0.00000 0.00002 0.00430 0.09628 0.29119 0.26207 0.18474 0.16130 0.00010 ( 7)  0.729  0.000
 159 Y   0.21914 0.21854 0.21131 0.18015 0.11289 0.04305 0.01047 0.00256 0.00106 0.00081 0.00000 ( 1)  0.043  0.000
 160 T   0.00001 0.00214 0.02732 0.12733 0.28255 0.28968 0.15018 0.06099 0.03279 0.02698 0.00003 ( 6)  0.308  0.000
 161 H   0.00000 0.00000 0.00002 0.00318 0.06785 0.29205 0.31230 0.16106 0.08974 0.07377 0.00002 ( 7)  0.546  0.000
 162 G   0.25225 0.25095 0.23565 0.17488 0.07310 0.01218 0.00090 0.00007 0.00001 0.00001 0.00000 ( 1)  0.020  0.000
 163 P   0.23844 0.23749 0.22625 0.17976 0.09164 0.02285 0.00299 0.00039 0.00011 0.00008 0.00000 ( 1)  0.027  0.000
 164 G   0.26430 0.26261 0.24280 0.16741 0.05651 0.00611 0.00024 0.00001 0.00000 0.00000 0.00000 ( 1)  0.016  0.000
 165 T   0.00000 0.00000 0.00000 0.00000 0.00000 0.00000 0.00003 0.00445 0.03052 0.04891 0.91609 (11)  2.485  0.916
 166 R   0.25414 0.25279 0.23683 0.17386 0.07048 0.01108 0.00076 0.00005 0.00001 0.00001 0.00000 ( 1)  0.019  0.000
 167 Y   0.00000 0.00000 0.00001 0.00076 0.01975 0.12808 0.24982 0.23462 0.18992 0.17493 0.00211 ( 7)  0.719  0.002
 168 P   0.23701 0.23610 0.22522 0.18003 0.09343 0.02417 0.00334 0.00046 0.00014 0.00009 0.00000 ( 1)  0.028  0.000
 169 M   0.00000 0.00000 0.00000 0.00000 0.00000 0.00018 0.02497 0.19529 0.35910 0.40378 0.01668 (10)  0.956  0.017
 170 F   0.00000 0.00000 0.00000 0.00000 0.00000 0.00000 0.00000 0.00002 0.00013 0.00022 0.99963 (11)  2.623  1.000
 171 F   0.00000 0.00000 0.00054 0.01363 0.10335 0.26464 0.26283 0.15988 0.10434 0.09050 0.00028 ( 6)  0.546  0.000
 172 G   0.25379 0.25245 0.23662 0.17408 0.07096 0.01125 0.00077 0.00005 0.00001 0.00001 0.00000 ( 1)  0.020  0.000
 173 W   0.21141 0.21091 0.20487 0.17850 0.11919 0.05176 0.01519 0.00446 0.00207 0.00164 0.00000 ( 1)  0.052  0.000
 174 L   0.21926 0.21866 0.21141 0.18017 0.11278 0.04292 0.01041 0.00254 0.00105 0.00080 0.00000 ( 1)  0.042  0.000
 175 W   0.21141 0.21091 0.20487 0.17850 0.11919 0.05176 0.01519 0.00446 0.00207 0.00164 0.00000 ( 1)  0.052  0.000
 176 K   0.25758 0.25612 0.23894 0.17193 0.06572 0.00915 0.00052 0.00003 0.00001 0.00000 0.00000 ( 1)  0.018  0.000
 177 L   0.21904 0.21844 0.21123 0.18014 0.11298 0.04316 0.01053 0.00258 0.00107 0.00082 0.00000 ( 1)  0.043  0.000
 178 V   0.00002 0.00611 0.07543 0.30052 0.42176 0.16975 0.02290 0.00250 0.00060 0.00039 0.00000 ( 5)  0.124  0.000
 179 P   0.23898 0.23803 0.22665 0.17964 0.09094 0.02236 0.00286 0.00037 0.00010 0.00007 0.00000 ( 1)  0.027  0.000
 180 V   0.25229 0.25099 0.23568 0.17484 0.07303 0.01217 0.00090 0.00007 0.00001 0.00001 0.00000 ( 1)  0.020  0.000
 181 D   0.00000 0.00000 0.00000 0.00000 0.00003 0.00792 0.12422 0.28077 0.29720 0.28879 0.00106 ( 9)  0.864  0.001
 182 V   0.00000 0.00000 0.00000 0.00000 0.00000 0.00000 0.00000 0.00000 0.00004 0.00008 0.99987 (11)  2.623  1.000
 183 P   0.00000 0.00000 0.00000 0.00000 0.00051 0.03014 0.19116 0.28221 0.25565 0.23953 0.00080 ( 8)  0.819  0.001
 184 R   0.00000 0.00000 0.00000 0.00000 0.00003 0.00537 0.08925 0.25257 0.31761 0.32620 0.00898 (10)  0.900  0.009
 185 E   0.00000 0.00000 0.00000 0.00000 0.00075 0.04046 0.22167 0.28426 0.23650 0.21600 0.00035 ( 8)  0.797  0.000
 186 D   0.00000 0.00000 0.00000 0.00000 0.00000 0.00000 0.00001 0.00084 0.00482 0.00750 0.98683 (11)  2.602  0.987
 187 E   0.00000 0.00000 0.00000 0.00000 0.00246 0.09431 0.32237 0.26582 0.17064 0.14437 0.00004 ( 7)  0.717  0.000
 188 A   0.00000 0.00000 0.00000 0.00000 0.00051 0.01944 0.12887 0.25243 0.28816 0.29131 0.01929 (10)  0.889  0.019
 189 N   0.00000 0.00000 0.00000 0.00000 0.00126 0.03903 0.18926 0.27113 0.25456 0.24244 0.00232 ( 8)  0.817  0.002
 190 C   0.00000 0.00000 0.00043 0.01104 0.08649 0.23713 0.26034 0.17500 0.12153 0.10743 0.00060 ( 7)  0.581  0.001
 191 L   0.20769 0.20723 0.20167 0.17726 0.12149 0.05581 0.01790 0.00578 0.00287 0.00231 0.00000 ( 1)  0.057  0.000
 192 L   0.00000 0.00000 0.00000 0.00000 0.00000 0.00003 0.00556 0.07672 0.21078 0.26859 0.43832 (11)  1.682  0.438
 193 H   0.22663 0.22591 0.21733 0.18086 0.10557 0.03474 0.00679 0.00133 0.00048 0.00035 0.00000 ( 1)  0.035  0.000
 194 P   0.23898 0.23803 0.22665 0.17964 0.09094 0.02236 0.00286 0.00037 0.00010 0.00007 0.00000 ( 1)  0.027  0.000
 195 A   0.25359 0.25225 0.23650 0.17421 0.07124 0.01135 0.00078 0.00006 0.00001 0.00001 0.00000 ( 1)  0.020  0.000
 196 Q   0.23488 0.23401 0.22362 0.18031 0.09602 0.02627 0.00396 0.00061 0.00019 0.00013 0.00000 ( 1)  0.029  0.000
 197 T   0.00000 0.00000 0.00000 0.00000 0.00000 0.00247 0.07444 0.25403 0.32831 0.33705 0.00370 (10)  0.899  0.004
 198 S   0.00000 0.00000 0.00000 0.00001 0.00148 0.04416 0.20199 0.27259 0.24639 0.23192 0.00146 ( 8)  0.806  0.001
 199 R   0.00000 0.00000 0.00000 0.00000 0.00000 0.00000 0.00002 0.00223 0.01372 0.02156 0.96246 (11)  2.562  0.962
 200 F   0.00000 0.00000 0.00000 0.00004 0.00342 0.05383 0.19266 0.25910 0.24725 0.23798 0.00573 ( 8)  0.812  0.006
 201 D   0.00002 0.00534 0.06638 0.27234 0.41621 0.19881 0.03408 0.00467 0.00129 0.00086 0.00000 ( 5)  0.139  0.000
 202 D   0.24064 0.23964 0.22783 0.17924 0.08880 0.02089 0.00251 0.00031 0.00008 0.00006 0.00000 ( 1)  0.026  0.000
 203 Q   0.00000 0.00000 0.00000 0.00000 0.00012 0.01030 0.10951 0.25677 0.30459 0.30911 0.00961 (10)  0.888  0.010
 204 H   0.23343 0.23259 0.22256 0.18056 0.09785 0.02764 0.00433 0.00068 0.00021 0.00015 0.00000 ( 1)  0.030  0.000
 205 G   0.00000 0.00002 0.00373 0.08051 0.38894 0.39664 0.10429 0.01730 0.00509 0.00347 0.00000 ( 6)  0.240  0.000
 206 E   0.00003 0.00774 0.09433 0.35335 0.41551 0.11811 0.00998 0.00072 0.00014 0.00008 0.00000 ( 5)  0.101  0.000
 207 T   0.00000 0.00000 0.00000 0.00000 0.00131 0.06070 0.26970 0.28129 0.20596 0.18095 0.00009 ( 8)  0.761  0.000
 208 L   0.21318 0.21265 0.20635 0.17893 0.11782 0.04977 0.01406 0.00399 0.00182 0.00143 0.00000 ( 1)  0.049  0.000
 209 V   0.00000 0.00000 0.00000 0.00000 0.00004 0.00455 0.06357 0.20479 0.30034 0.32568 0.10103 (10)  1.073  0.101
 210 W   0.21141 0.21091 0.20487 0.17850 0.11919 0.05176 0.01519 0.00446 0.00207 0.00164 0.00000 ( 1)  0.052  0.000
 211 R   0.00000 0.00000 0.00000 0.00000 0.00001 0.00287 0.07446 0.25085 0.32842 0.33898 0.00442 (10)  0.901  0.004
 212 F   0.21362 0.21309 0.20675 0.17912 0.11760 0.04928 0.01370 0.00380 0.00170 0.00133 0.00000 ( 1)  0.049  0.000
 213 D   0.24064 0.23964 0.22783 0.17924 0.08880 0.02089 0.00251 0.00031 0.00008 0.00006 0.00000 ( 1)  0.026  0.000
 214 P   0.00000 0.00000 0.00000 0.00000 0.00002 0.00248 0.04086 0.15525 0.25281 0.28310 0.26548 (10)  1.365  0.265
 215 T   0.00000 0.00000 0.00000 0.00149 0.07824 0.42871 0.33061 0.09777 0.03662 0.02654 0.00000 ( 6)  0.448  0.000
 216 L   0.20792 0.20746 0.20189 0.17741 0.12149 0.05561 0.01766 0.00561 0.00275 0.00221 0.00000 ( 1)  0.056  0.000
 217 A   0.21311 0.21259 0.20631 0.17893 0.11789 0.04984 0.01409 0.00399 0.00182 0.00143 0.00000 ( 1)  0.049  0.000
 218 Y   0.00000 0.00000 0.00000 0.00000 0.00000 0.00000 0.00070 0.01273 0.04147 0.05574 0.88936 (11)  2.439  0.889
 219 D   0.00000 0.00000 0.00000 0.00000 0.00000 0.00000 0.00002 0.00191 0.01195 0.01885 0.96727 (11)  2.570  0.967
 220 Y   0.21197 0.21146 0.20534 0.17863 0.11875 0.05113 0.01484 0.00432 0.00200 0.00158 0.00000 ( 1)  0.051  0.000
 221 T   0.00000 0.00000 0.00000 0.00000 0.00000 0.00000 0.00000 0.00007 0.00063 0.00113 0.99817 (11)  2.621  0.998
 222 A   0.20923 0.20875 0.20301 0.17784 0.12066 0.05417 0.01671 0.00516 0.00248 0.00198 0.00000 ( 1)  0.054  0.000
 223 F   0.00000 0.00000 0.00001 0.00077 0.02014 0.13009 0.25179 0.23417 0.18821 0.17295 0.00186 ( 7)  0.716  0.002
 224 N   0.00000 0.00000 0.00000 0.00000 0.00000 0.00000 0.00000 0.00000 0.00000 0.00001 0.99998 (11)  2.624  1.000
 225 R   0.00000 0.00000 0.00000 0.00000 0.00000 0.00000 0.00000 0.00000 0.00000 0.00000 1.00000 (11)  2.624  1.000
 226 F   0.00000 0.00000 0.00000 0.00000 0.00000 0.00000 0.00000 0.00003 0.00026 0.00045 0.99925 (11)  2.622  0.999
 227 P   0.23885 0.23789 0.22655 0.17967 0.09111 0.02248 0.00290 0.00038 0.00011 0.00007 0.00000 ( 1)  0.027  0.000
 228 E   0.25590 0.25449 0.23790 0.17286 0.06804 0.01011 0.00064 0.00004 0.00001 0.00000 0.00000 ( 1)  0.019  0.000
 229 E   0.26602 0.26426 0.24370 0.16602 0.05423 0.00554 0.00021 0.00001 0.00000 0.00000 0.00000 ( 1)  0.015  0.000
 230 F   0.21326 0.21273 0.20644 0.17901 0.11786 0.04969 0.01395 0.00391 0.00176 0.00138 0.00000 ( 1)  0.049  0.000
 231 G   0.00000 0.00000 0.00000 0.00000 0.00010 0.01995 0.20311 0.30289 0.24927 0.22458 0.00010 ( 8)  0.815  0.000
 232 H   0.00000 0.00000 0.00000 0.00000 0.00000 0.00003 0.00388 0.04753 0.12729 0.16196 0.65932 (11)  2.052  0.659
 233 N   0.00000 0.00000 0.00000 0.00000 0.00033 0.03303 0.22854 0.29449 0.23387 0.20960 0.00013 ( 8)  0.797  0.000
 234 S   0.22725 0.22652 0.21781 0.18082 0.10484 0.03409 0.00658 0.00128 0.00046 0.00034 0.00000 ( 1)  0.035  0.000
 235 G   0.00001 0.00318 0.04026 0.17967 0.35114 0.27771 0.09899 0.02787 0.01197 0.00920 0.00000 ( 5)  0.223  0.000
 236 L   0.00001 0.00204 0.02609 0.12209 0.27414 0.28821 0.15532 0.06570 0.03627 0.03009 0.00004 ( 6)  0.319  0.000
 237 P   0.00000 0.00000 0.00003 0.00432 0.08747 0.33747 0.30861 0.13685 0.06959 0.05565 0.00001 ( 6)  0.503  0.000
 238 E   0.26386 0.26218 0.24253 0.16766 0.05713 0.00636 0.00027 0.00001 0.00000 0.00000 0.00000 ( 1)  0.016  0.000
 239 K   0.00000 0.00000 0.00000 0.00000 0.00000 0.00003 0.01260 0.15939 0.35771 0.42337 0.04689 (10)  1.018  0.047
 240 E   0.00003 0.00681 0.08360 0.32421 0.42122 0.14593 0.01617 0.00150 0.00033 0.00021 0.00000 ( 5)  0.113  0.000
 241 W   0.21141 0.21091 0.20487 0.17850 0.11919 0.05176 0.01519 0.00446 0.00207 0.00164 0.00000 ( 1)  0.052  0.000
 242 K   0.00000 0.00000 0.00012 0.01336 0.21014 0.48669 0.21520 0.04748 0.01585 0.01117 0.00000 ( 6)  0.344  0.000
 243 A   0.24840 0.24721 0.23315 0.17662 0.07839 0.01477 0.00130 0.00012 0.00003 0.00002 0.00000 ( 1)  0.022  0.000
 244 R   0.00000 0.00000 0.00000 0.00000 0.00002 0.00991 0.16397 0.30593 0.27149 0.24859 0.00008 ( 8)  0.839  0.000
 245 L   0.20646 0.20601 0.20063 0.17693 0.12240 0.05721 0.01872 0.00613 0.00305 0.00247 0.00000 ( 1)  0.058  0.000
 246 K   0.26842 0.26657 0.24498 0.16417 0.05103 0.00467 0.00015 0.00001 0.00000 0.00000 0.00000 ( 1)  0.015  0.000
 247 A   0.25372 0.25238 0.23659 0.17414 0.07106 0.01127 0.00077 0.00005 0.00001 0.00001 0.00000 ( 1)  0.020  0.000
 248 R   0.25850 0.25700 0.23949 0.17139 0.06445 0.00867 0.00047 0.00003 0.00000 0.00000 0.00000 ( 1)  0.018  0.000
 249 G   0.25704 0.25560 0.23863 0.17228 0.06645 0.00941 0.00055 0.00003 0.00001 0.00000 0.00000 ( 1)  0.018  0.000
 250 I   0.26243 0.26081 0.24179 0.16884 0.05903 0.00680 0.00029 0.00001 0.00000 0.00000 0.00000 ( 1)  0.016  0.000
 251 P   0.23506 0.23419 0.22378 0.18034 0.09585 0.02604 0.00386 0.00058 0.00018 0.00012 0.00000 ( 1)  0.029  0.000
 252 C   0.00000 0.00000 0.00000 0.00000 0.00000 0.00001 0.00100 0.01485 0.04504 0.05955 0.87956 (11)  2.422  0.880

Positively selected sites

	Prob(w>1)  mean w

     9 R      0.973*        2.579
    13 L      0.505         1.789
    31 R      1.000**       2.623
    32 C      0.939         2.523
    33 N      1.000**       2.624
    40 L      0.947         2.535
    42 S      0.938         2.520
    72 T      0.921         2.492
    75 T      0.951*        2.542
    77 R      0.737         2.186
    81 L      0.992**       2.610
   101 P      0.994**       2.614
   110 P      0.882         2.428
   122 F      0.814         2.312
   165 T      0.916         2.485
   170 F      1.000**       2.623
   182 V      1.000**       2.623
   186 D      0.987*        2.602
   199 R      0.962*        2.562
   218 Y      0.889         2.439
   219 D      0.967*        2.570
   221 T      0.998**       2.621
   224 N      1.000**       2.624
   225 R      1.000**       2.624
   226 F      0.999**       2.622
   232 H      0.659         2.052
   252 C      0.880         2.422


lnL = -9224.311841

Bayes Empirical Bayes (BEB) probabilities for 11 classes (class) & postmean_w
(amino acids refer to 1st sequence: AJ344371)

   1 M   0.94266 0.04397 0.00977 0.00255 0.00072 0.00022 0.00007 0.00002 0.00001 0.00001 0.00000 ( 1)  0.058 +-  0.035
   2 G   0.89286 0.06547 0.02315 0.00959 0.00432 0.00207 0.00105 0.00057 0.00035 0.00057 0.00000 ( 1)  0.069 +-  0.068
   3 A   0.91097 0.05906 0.01839 0.00671 0.00267 0.00113 0.00051 0.00024 0.00013 0.00019 0.00000 ( 1)  0.064 +-  0.055
   4 S   0.90247 0.06232 0.02068 0.00803 0.00339 0.00152 0.00072 0.00036 0.00021 0.00032 0.00000 ( 1)  0.066 +-  0.061
   5 G   0.95197 0.03837 0.00739 0.00168 0.00042 0.00011 0.00003 0.00001 0.00000 0.00000 0.00000 ( 1)  0.056 +-  0.030
   6 S   0.79420 0.08157 0.04142 0.02459 0.01585 0.01083 0.00782 0.00605 0.00529 0.01229 0.00008 ( 1)  0.110 +-  0.161
   7 K   0.93812 0.04641 0.01099 0.00306 0.00093 0.00030 0.00011 0.00004 0.00002 0.00002 0.00000 ( 1)  0.058 +-  0.038
   8 R   0.00002 0.00154 0.01343 0.04091 0.07533 0.10429 0.12185 0.13037 0.14091 0.37115 0.00022 (10)  0.759 +-  0.199
   9 R   0.00000 0.00000 0.00000 0.00000 0.00000 0.00002 0.00011 0.00042 0.00145 0.01129 0.98671 (11)  2.480 +-  0.182
  10 S   0.79420 0.08157 0.04142 0.02459 0.01585 0.01083 0.00782 0.00605 0.00529 0.01229 0.00008 ( 1)  0.110 +-  0.161
  11 R   0.00000 0.00000 0.00000 0.00006 0.00060 0.00317 0.01154 0.03315 0.08566 0.46237 0.40346 (10)  1.555 +-  0.779
  12 S   0.47906 0.12226 0.09362 0.07070 0.05332 0.04062 0.03168 0.02591 0.02362 0.05896 0.00026 ( 1)  0.254 +-  0.278
  13 L   0.00000 0.00000 0.00002 0.00017 0.00089 0.00309 0.00836 0.01955 0.04408 0.22443 0.69941 (11)  2.021 +-  0.732
  14 Q   0.00000 0.00013 0.00171 0.00758 0.02022 0.04037 0.06764 0.10317 0.15778 0.55744 0.04396 (10)  0.929 +-  0.364
  15 G   0.00109 0.01393 0.05357 0.09859 0.12670 0.13285 0.12383 0.10957 0.10066 0.23918 0.00003 (10)  0.656 +-  0.233
  16 L   0.86271 0.07320 0.03019 0.01458 0.00765 0.00426 0.00252 0.00159 0.00114 0.00216 0.00000 ( 1)  0.078 +-  0.094
  17 Q   0.00000 0.00000 0.00001 0.00008 0.00055 0.00224 0.00690 0.01786 0.04352 0.23476 0.69408 (11)  2.015 +-  0.732
  18 E   0.16183 0.17730 0.20087 0.16069 0.10962 0.06909 0.04220 0.02610 0.01764 0.03466 0.00000 ( 3)  0.323 +-  0.227
  19 R   0.94514 0.04251 0.00913 0.00231 0.00064 0.00019 0.00006 0.00002 0.00001 0.00001 0.00000 ( 1)  0.057 +-  0.034
  20 L   0.79970 0.08123 0.04074 0.02390 0.01521 0.01027 0.00733 0.00560 0.00484 0.01112 0.00006 ( 1)  0.107 +-  0.156
  21 L   0.45656 0.11866 0.09296 0.07187 0.05552 0.04334 0.03466 0.02908 0.02721 0.06965 0.00050 ( 1)  0.273 +-  0.292
  22 R   0.00016 0.00265 0.01311 0.03179 0.05467 0.07746 0.09811 0.11826 0.14780 0.44980 0.00618 (10)  0.803 +-  0.232
  23 A   0.08696 0.11613 0.16055 0.15584 0.12824 0.09690 0.07053 0.05165 0.04106 0.09213 0.00001 ( 3)  0.434 +-  0.265
  24 R   0.00000 0.00001 0.00012 0.00089 0.00353 0.00990 0.02246 0.04512 0.08895 0.39589 0.43313 (11)  1.590 +-  0.799
  25 G   0.22830 0.21865 0.21366 0.14731 0.08658 0.04700 0.02472 0.01315 0.00765 0.01297 0.00000 ( 1)  0.259 +-  0.192
  26 E   0.00000 0.00052 0.00565 0.02103 0.04640 0.07581 0.10327 0.12753 0.15763 0.46092 0.00123 (10)  0.809 +-  0.183
  27 T   0.00000 0.00003 0.00044 0.00235 0.00747 0.01771 0.03511 0.06316 0.11346 0.46607 0.29420 (10)  1.359 +-  0.743
  28 C   0.00000 0.00026 0.00234 0.00863 0.02073 0.03906 0.06370 0.09657 0.14900 0.53716 0.08255 (10)  0.992 +-  0.473
  29 G   0.93418 0.04851 0.01205 0.00352 0.00112 0.00038 0.00014 0.00005 0.00002 0.00003 0.00000 ( 1)  0.059 +-  0.040
  30 G   0.03208 0.09787 0.17546 0.18633 0.15470 0.11259 0.07663 0.05147 0.03705 0.07582 0.00000 ( 4)  0.449 +-  0.238
  31 R   0.00000 0.00000 0.00000 0.00000 0.00000 0.00000 0.00000 0.00000 0.00001 0.00010 0.99989 (11)  2.501 +-  0.031
  32 C   0.00000 0.00000 0.00000 0.00000 0.00002 0.00011 0.00041 0.00127 0.00374 0.02528 0.96917 (11)  2.452 +-  0.274
  33 N   0.00000 0.00000 0.00000 0.00000 0.00000 0.00000 0.00000 0.00000 0.00000 0.00001 0.99999 (11)  2.501 +-  0.027
  34 E   0.00000 0.00000 0.00000 0.00007 0.00079 0.00444 0.01648 0.04697 0.11824 0.60780 0.20519 (10)  1.240 +-  0.644
  35 S   0.13232 0.08820 0.10579 0.10553 0.09677 0.08536 0.07469 0.06703 0.06611 0.17713 0.00105 (10)  0.500 +-  0.318
  36 E   0.00000 0.00000 0.00021 0.00231 0.01079 0.03054 0.06327 0.10843 0.17367 0.60594 0.00484 (10)  0.880 +-  0.165
  37 G   0.00019 0.00589 0.03189 0.07190 0.10650 0.12450 0.12679 0.12091 0.11848 0.29288 0.00007 (10)  0.703 +-  0.220
  38 G   0.00000 0.00001 0.00041 0.00390 0.01602 0.04053 0.07590 0.11864 0.17468 0.56806 0.00186 (10)  0.862 +-  0.149
  39 Y   0.00078 0.00496 0.01699 0.03411 0.05303 0.07161 0.08959 0.10942 0.14126 0.44974 0.02851 (10)  0.839 +-  0.345
  40 L   0.00000 0.00000 0.00000 0.00000 0.00002 0.00011 0.00038 0.00117 0.00338 0.02249 0.97245 (11)  2.457 +-  0.259
  41 Q   0.00001 0.00058 0.00465 0.01533 0.03304 0.05595 0.08217 0.11242 0.15693 0.51825 0.02067 (10)  0.867 +-  0.286
  42 S   0.00000 0.00000 0.00000 0.00001 0.00004 0.00018 0.00057 0.00158 0.00423 0.02659 0.96681 (11)  2.448 +-  0.284
  43 H   0.05399 0.08119 0.12577 0.13664 0.12573 0.10614 0.08622 0.07038 0.06228 0.15157 0.00009 (10)  0.515 +-  0.278
  44 E   0.00105 0.02310 0.09208 0.15420 0.17117 0.15134 0.11767 0.08653 0.06615 0.13670 0.00000 ( 5)  0.568 +-  0.229
  45 G   0.00000 0.00000 0.00023 0.00252 0.01171 0.03278 0.06681 0.11211 0.17524 0.59617 0.00243 (10)  0.873 +-  0.146
  46 S   0.88567 0.06762 0.02495 0.01078 0.00506 0.00253 0.00133 0.00076 0.00049 0.00082 0.00000 ( 1)  0.071 +-  0.074
  47 G   0.00000 0.00007 0.00097 0.00471 0.01370 0.02975 0.05406 0.08922 0.14725 0.55668 0.10359 (10)  1.039 +-  0.511
  48 R   0.01904 0.06652 0.13523 0.16220 0.15149 0.12352 0.09381 0.06999 0.05569 0.12252 0.00001 ( 4)  0.515 +-  0.250
  49 E   0.00002 0.00139 0.01225 0.03786 0.07082 0.09976 0.11878 0.12975 0.14341 0.38553 0.00043 (10)  0.767 +-  0.198
  50 Q   0.87693 0.06996 0.02703 0.01223 0.00601 0.00314 0.00174 0.00103 0.00069 0.00122 0.00000 ( 1)  0.073 +-  0.082
  51 R   0.00000 0.00000 0.00013 0.00150 0.00749 0.02288 0.05151 0.09625 0.16835 0.63739 0.01450 (10)  0.907 +-  0.222
  52 S   0.00009 0.00159 0.00841 0.02189 0.04054 0.06201 0.08498 0.11100 0.15049 0.49156 0.02745 (10)  0.864 +-  0.325
  53 P   0.06332 0.04919 0.06813 0.07838 0.08278 0.08401 0.08446 0.08697 0.09821 0.29135 0.01320 (10)  0.652 +-  0.365
  54 S   0.79511 0.08152 0.04131 0.02448 0.01574 0.01074 0.00774 0.00597 0.00521 0.01209 0.00008 ( 1)  0.109 +-  0.160
  55 C   0.57831 0.13377 0.09082 0.06078 0.04062 0.02742 0.01895 0.01373 0.01109 0.02450 0.00002 ( 1)  0.182 +-  0.217
  56 E   0.94078 0.04491 0.01029 0.00278 0.00083 0.00026 0.00009 0.00003 0.00001 0.00002 0.00000 ( 1)  0.058 +-  0.036
  57 G   0.95064 0.03919 0.00773 0.00180 0.00046 0.00013 0.00004 0.00001 0.00000 0.00000 0.00000 ( 1)  0.056 +-  0.031
  58 Q   0.14075 0.09556 0.11494 0.11334 0.10161 0.08686 0.07314 0.06283 0.05904 0.15162 0.00032 (10)  0.473 +-  0.307
  59 R   0.00000 0.00019 0.00225 0.00941 0.02380 0.04523 0.07247 0.10621 0.15686 0.53976 0.04383 (10)  0.922 +-  0.367
  60 Y   0.86647 0.07244 0.02940 0.01397 0.00721 0.00395 0.00229 0.00142 0.00100 0.00185 0.00000 ( 1)  0.077 +-  0.091
  61 Q   0.00000 0.00002 0.00034 0.00219 0.00785 0.02000 0.04127 0.07553 0.13582 0.54926 0.16773 (10)  1.155 +-  0.612
  62 E   0.00020 0.00312 0.01484 0.03479 0.05812 0.08033 0.09964 0.11803 0.14546 0.43895 0.00651 (10)  0.797 +-  0.238
  63 G   0.94982 0.03969 0.00793 0.00187 0.00048 0.00013 0.00004 0.00001 0.00000 0.00000 0.00000 ( 1)  0.056 +-  0.031
  64 D   0.08980 0.11906 0.16335 0.15726 0.12826 0.09601 0.06918 0.05012 0.03940 0.08755 0.00001 ( 3)  0.428 +-  0.263
  65 Y   0.13670 0.09054 0.10788 0.10687 0.09727 0.08513 0.07388 0.06574 0.06426 0.17090 0.00083 (10)  0.492 +-  0.316
  66 M   0.54584 0.20374 0.12648 0.06531 0.03105 0.01424 0.00649 0.00304 0.00157 0.00224 0.00000 ( 1)  0.144 +-  0.139
  67 N   0.91821 0.05607 0.01642 0.00564 0.00211 0.00084 0.00035 0.00016 0.00008 0.00011 0.00000 ( 1)  0.062 +-  0.050
  68 T   0.83521 0.07785 0.03551 0.01894 0.01096 0.00673 0.00437 0.00304 0.00239 0.00498 0.00001 ( 1)  0.089 +-  0.120
  69 P   0.90914 0.05981 0.01889 0.00699 0.00281 0.00120 0.00055 0.00027 0.00015 0.00021 0.00000 ( 1)  0.064 +-  0.056
  70 W   0.13607 0.09019 0.10756 0.10665 0.09718 0.08516 0.07400 0.06593 0.06454 0.17186 0.00086 (10)  0.493 +-  0.316
  71 R   0.00598 0.04927 0.13272 0.17795 0.17135 0.13750 0.09978 0.06974 0.05130 0.10442 0.00000 ( 4)  0.516 +-  0.233
  72 T   0.00000 0.00000 0.00000 0.00000 0.00002 0.00013 0.00050 0.00161 0.00478 0.03236 0.96059 (11)  2.438 +-  0.308
  73 P   0.71637 0.13360 0.07049 0.03668 0.01908 0.01004 0.00542 0.00307 0.00194 0.00330 0.00000 ( 1)  0.111 +-  0.129
  74 A   0.00223 0.02275 0.07433 0.12052 0.14001 0.13526 0.11790 0.09875 0.08674 0.20148 0.00002 (10)  0.618 +-  0.240
  75 T   0.00000 0.00000 0.00000 0.00000 0.00000 0.00002 0.00011 0.00052 0.00213 0.01878 0.97844 (11)  2.467 +-  0.229
  76 E   0.28201 0.24187 0.21004 0.12942 0.06839 0.03358 0.01608 0.00784 0.00420 0.00657 0.00000 ( 1)  0.224 +-  0.171
  77 R   0.00000 0.00000 0.00000 0.00000 0.00002 0.00020 0.00105 0.00411 0.01402 0.10160 0.87899 (11)  2.310 +-  0.513
  78 E   0.81883 0.11227 0.04258 0.01605 0.00610 0.00237 0.00095 0.00040 0.00019 0.00024 0.00000 ( 1)  0.079 +-  0.076
  79 K   0.00000 0.00000 0.00003 0.00054 0.00380 0.01475 0.03966 0.08476 0.16434 0.66942 0.02270 (10)  0.932 +-  0.258
  80 E   0.00000 0.00000 0.00001 0.00018 0.00148 0.00682 0.02174 0.05491 0.12542 0.59835 0.19109 (10)  1.213 +-  0.630
  81 L   0.00000 0.00000 0.00000 0.00000 0.00000 0.00001 0.00003 0.00012 0.00044 0.00378 0.99563 (11)  2.494 +-  0.107
  82 Y   0.50723 0.12610 0.09355 0.06846 0.05005 0.03697 0.02798 0.02220 0.01965 0.04767 0.00014 ( 1)  0.232 +-  0.262
  83 K   0.00000 0.00001 0.00044 0.00363 0.01411 0.03538 0.06764 0.11009 0.17111 0.59043 0.00715 (10)  0.878 +-  0.187
  84 Q   0.89933 0.06331 0.02148 0.00854 0.00370 0.00170 0.00083 0.00044 0.00026 0.00041 0.00000 ( 1)  0.067 +-  0.063
  85 Q   0.68874 0.13543 0.07605 0.04217 0.02341 0.01316 0.00759 0.00460 0.00312 0.00572 0.00000 ( 1)  0.123 +-  0.147
  86 N   0.91968 0.05546 0.01602 0.00542 0.00200 0.00078 0.00033 0.00015 0.00007 0.00010 0.00000 ( 1)  0.062 +-  0.049
  87 M   0.94266 0.04397 0.00977 0.00255 0.00072 0.00022 0.00007 0.00002 0.00001 0.00001 0.00000 ( 1)  0.058 +-  0.035
  88 D   0.92596 0.05258 0.01429 0.00456 0.00159 0.00059 0.00023 0.00010 0.00005 0.00006 0.00000 ( 1)  0.061 +-  0.045
  89 D   0.76665 0.12614 0.05792 0.02626 0.01192 0.00548 0.00259 0.00129 0.00071 0.00105 0.00000 ( 1)  0.094 +-  0.101
  90 V   0.80455 0.11689 0.04697 0.01867 0.00745 0.00302 0.00126 0.00055 0.00027 0.00036 0.00000 ( 1)  0.083 +-  0.082
  91 D   0.92614 0.05250 0.01424 0.00454 0.00157 0.00058 0.00023 0.00010 0.00005 0.00006 0.00000 ( 1)  0.061 +-  0.045
  92 L   0.00001 0.00029 0.00262 0.00959 0.02286 0.04256 0.06835 0.10177 0.15392 0.54371 0.05433 (10)  0.942 +-  0.400
  93 D   0.77413 0.12459 0.05584 0.02472 0.01096 0.00492 0.00227 0.00110 0.00060 0.00086 0.00000 ( 1)  0.091 +-  0.097
  94 D   0.77219 0.12502 0.05639 0.02512 0.01120 0.00506 0.00235 0.00115 0.00062 0.00091 0.00000 ( 1)  0.092 +-  0.098
  95 D   0.01729 0.06167 0.12777 0.15629 0.14898 0.12407 0.09631 0.07350 0.05987 0.13423 0.00001 ( 4)  0.528 +-  0.253
  96 D   0.08365 0.11307 0.15811 0.15508 0.12883 0.09819 0.07201 0.05308 0.04244 0.09552 0.00001 ( 3)  0.440 +-  0.266
  97 Q   0.00000 0.00000 0.00010 0.00074 0.00309 0.00905 0.02125 0.04394 0.08867 0.40175 0.43142 (11)  1.589 +-  0.797
  98 V   0.00326 0.03072 0.09361 0.14170 0.15382 0.13896 0.11336 0.08894 0.07328 0.16234 0.00001 (10)  0.580 +-  0.240
  99 G   0.94103 0.04482 0.01021 0.00274 0.00080 0.00025 0.00008 0.00003 0.00001 0.00001 0.00000 ( 1)  0.058 +-  0.036
 100 F   0.00005 0.00091 0.00519 0.01456 0.02907 0.04790 0.07067 0.09931 0.14471 0.50330 0.08432 (10)  0.978 +-  0.487
 101 P   0.00000 0.00000 0.00000 0.00000 0.00000 0.00000 0.00002 0.00008 0.00032 0.00267 0.99690 (11)  2.496 +-  0.091
 102 V   0.83941 0.07724 0.03475 0.01829 0.01045 0.00634 0.00407 0.00280 0.00218 0.00447 0.00001 ( 1)  0.088 +-  0.116
 103 T   0.00000 0.00003 0.00080 0.00534 0.01795 0.04084 0.07295 0.11315 0.16990 0.57380 0.00525 (10)  0.868 +-  0.179
 104 P   0.35394 0.17505 0.15169 0.10939 0.07261 0.04644 0.02951 0.01927 0.01386 0.02824 0.00000 ( 1)  0.251 +-  0.229
 105 K   0.00000 0.00009 0.00199 0.01122 0.03222 0.06276 0.09632 0.12878 0.16733 0.49860 0.00070 (10)  0.830 +-  0.161
 106 V   0.00205 0.02133 0.07069 0.11625 0.13695 0.13413 0.11851 0.10058 0.08951 0.20996 0.00003 (10)  0.625 +-  0.240
 107 P   0.00000 0.00023 0.00271 0.01120 0.02782 0.05163 0.08044 0.11407 0.16224 0.53704 0.01263 (10)  0.863 +-  0.239
 108 L   0.54188 0.13011 0.09257 0.06499 0.04561 0.03236 0.02353 0.01795 0.01528 0.03566 0.00007 ( 1)  0.207 +-  0.241
 109 R   0.94368 0.04335 0.00951 0.00245 0.00069 0.00021 0.00007 0.00002 0.00001 0.00001 0.00000 ( 1)  0.057 +-  0.035
 110 P   0.00000 0.00000 0.00000 0.00000 0.00000 0.00005 0.00031 0.00139 0.00535 0.04390 0.94900 (11)  2.420 +-  0.345
 111 M   0.94266 0.04397 0.00977 0.00255 0.00072 0.00022 0.00007 0.00002 0.00001 0.00001 0.00000 ( 1)  0.058 +-  0.035
 112 T   0.92956 0.05086 0.01331 0.00408 0.00137 0.00049 0.00018 0.00007 0.00003 0.00004 0.00000 ( 1)  0.060 +-  0.043
 113 F   0.00000 0.00004 0.00059 0.00304 0.00938 0.02157 0.04151 0.07252 0.12661 0.50543 0.21930 (10)  1.235 +-  0.679
 114 K   0.00000 0.00010 0.00190 0.01005 0.02856 0.05647 0.08917 0.12368 0.16760 0.52052 0.00195 (10)  0.840 +-  0.168
 115 L   0.00000 0.00001 0.00011 0.00064 0.00230 0.00611 0.01357 0.02723 0.05442 0.25155 0.64407 (11)  1.929 +-  0.770
 116 A   0.93631 0.04740 0.01147 0.00327 0.00101 0.00034 0.00012 0.00005 0.00002 0.00002 0.00000 ( 1)  0.059 +-  0.039
 117 V   0.00000 0.00000 0.00004 0.00057 0.00370 0.01397 0.03748 0.08128 0.16141 0.67584 0.02572 (10)  0.938 +-  0.271
 118 D   0.92366 0.05362 0.01493 0.00488 0.00174 0.00066 0.00027 0.00012 0.00006 0.00007 0.00000 ( 1)  0.061 +-  0.046
 119 M   0.94266 0.04397 0.00977 0.00255 0.00072 0.00022 0.00007 0.00002 0.00001 0.00001 0.00000 ( 1)  0.058 +-  0.035
 120 S   0.88509 0.06779 0.02509 0.01087 0.00512 0.00256 0.00136 0.00077 0.00050 0.00084 0.00000 ( 1)  0.071 +-  0.075
 121 H   0.29562 0.15734 0.14837 0.11640 0.08399 0.05835 0.04025 0.02851 0.02222 0.04893 0.00001 ( 1)  0.299 +-  0.258
 122 F   0.00000 0.00000 0.00000 0.00002 0.00013 0.00055 0.00178 0.00491 0.01283 0.07658 0.90321 (11)  2.347 +-  0.469
 123 L   0.83449 0.10731 0.03779 0.01316 0.00460 0.00163 0.00059 0.00023 0.00010 0.00011 0.00000 ( 1)  0.076 +-  0.069
 124 K   0.95713 0.03506 0.00615 0.00128 0.00029 0.00007 0.00002 0.00001 0.00000 0.00000 0.00000 ( 1)  0.055 +-  0.028
 125 E   0.00000 0.00002 0.00075 0.00561 0.01977 0.04522 0.07930 0.11901 0.17147 0.55530 0.00354 (10)  0.859 +-  0.168
 126 K   0.20950 0.20829 0.21213 0.15240 0.09331 0.05275 0.02888 0.01600 0.00968 0.01708 0.00000 ( 3)  0.274 +-  0.201
 127 G   0.93392 0.04864 0.01212 0.00355 0.00114 0.00039 0.00014 0.00005 0.00002 0.00003 0.00000 ( 1)  0.059 +-  0.040
 128 G   0.95228 0.03818 0.00732 0.00166 0.00041 0.00011 0.00003 0.00001 0.00000 0.00000 0.00000 ( 1)  0.056 +-  0.030
 129 L   0.83425 0.07795 0.03565 0.01908 0.01108 0.00683 0.00445 0.00311 0.00246 0.00513 0.00001 ( 1)  0.090 +-  0.121
 130 E   0.86834 0.09292 0.02726 0.00800 0.00238 0.00073 0.00023 0.00008 0.00003 0.00003 0.00000 ( 1)  0.069 +-  0.056
 131 G   0.93448 0.04835 0.01197 0.00349 0.00111 0.00038 0.00014 0.00005 0.00002 0.00003 0.00000 ( 1)  0.059 +-  0.040
 132 I   0.03784 0.11128 0.19202 0.19555 0.15511 0.10743 0.06932 0.04397 0.02978 0.05770 0.00000 ( 4)  0.422 +-  0.228
 133 F   0.00104 0.00633 0.02091 0.04049 0.06070 0.07902 0.09528 0.11213 0.13948 0.43041 0.01423 (10)  0.800 +-  0.289
 134 Y   0.52200 0.12796 0.09331 0.06712 0.04823 0.03503 0.02605 0.02033 0.01768 0.04218 0.00010 ( 1)  0.221 +-  0.253
 135 S   0.05827 0.08644 0.13210 0.14134 0.12785 0.10591 0.08426 0.06725 0.05809 0.13845 0.00004 ( 4)  0.500 +-  0.275
 136 H   0.00000 0.00012 0.00250 0.01332 0.03632 0.06767 0.10002 0.12972 0.16468 0.48440 0.00125 (10)  0.824 +-  0.171
 137 R   0.00558 0.04679 0.12804 0.17426 0.17018 0.13839 0.10169 0.07192 0.05348 0.10966 0.00000 ( 4)  0.523 +-  0.234
 138 R   0.94483 0.04269 0.00921 0.00234 0.00065 0.00019 0.00006 0.00002 0.00001 0.00001 0.00000 ( 1)  0.057 +-  0.034
 139 H   0.29968 0.15868 0.14877 0.11604 0.08326 0.05752 0.03946 0.02780 0.02155 0.04723 0.00001 ( 1)  0.295 +-  0.256
 140 K   0.00000 0.00000 0.00027 0.00279 0.01238 0.03363 0.06734 0.11199 0.17455 0.59472 0.00233 (10)  0.872 +-  0.146
 141 I   0.84653 0.07622 0.03348 0.01720 0.00959 0.00567 0.00355 0.00238 0.00180 0.00360 0.00000 ( 1)  0.085 +-  0.109
 142 L   0.83764 0.07740 0.03500 0.01854 0.01067 0.00652 0.00422 0.00293 0.00230 0.00478 0.00001 ( 1)  0.089 +-  0.118
 143 D   0.91824 0.05607 0.01641 0.00563 0.00210 0.00084 0.00035 0.00016 0.00008 0.00011 0.00000 ( 1)  0.062 +-  0.050
 144 L   0.00002 0.00200 0.01698 0.05007 0.08860 0.11707 0.12976 0.13102 0.13306 0.33137 0.00004 (10)  0.737 +-  0.204
 145 Y   0.84342 0.07666 0.03403 0.01767 0.00997 0.00596 0.00378 0.00256 0.00196 0.00398 0.00000 ( 1)  0.086 +-  0.112
 146 L   0.49474 0.12422 0.09336 0.06927 0.05138 0.03854 0.02963 0.02391 0.02154 0.05318 0.00024 ( 1)  0.242 +-  0.270
 147 E   0.85974 0.09678 0.02991 0.00924 0.00289 0.00093 0.00031 0.00011 0.00004 0.00005 0.00000 ( 1)  0.070 +-  0.059
 148 K   0.03089 0.09519 0.17230 0.18471 0.15480 0.11369 0.07808 0.05289 0.03839 0.07905 0.00000 ( 4)  0.454 +-  0.239
 149 E   0.63917 0.19544 0.09770 0.04110 0.01612 0.00617 0.00238 0.00096 0.00043 0.00053 0.00000 ( 1)  0.114 +-  0.108
 150 E   0.83649 0.10611 0.03713 0.01295 0.00457 0.00165 0.00062 0.00024 0.00011 0.00013 0.00000 ( 1)  0.075 +-  0.069
 151 G   0.93583 0.04764 0.01160 0.00333 0.00104 0.00035 0.00012 0.00005 0.00002 0.00002 0.00000 ( 1)  0.059 +-  0.039
 152 I   0.58481 0.20242 0.11540 0.05484 0.02405 0.01020 0.00431 0.00188 0.00090 0.00119 0.00000 ( 1)  0.130 +-  0.125
 153 V   0.00140 0.00813 0.02576 0.04789 0.06896 0.08626 0.09997 0.11316 0.13548 0.40538 0.00761 (10)  0.772 +-  0.262
 154 A   0.00000 0.00041 0.00446 0.01685 0.03833 0.06531 0.09352 0.12210 0.16020 0.49488 0.00395 (10)  0.829 +-  0.196
 155 D   0.92495 0.05304 0.01457 0.00470 0.00165 0.00062 0.00025 0.00011 0.00005 0.00007 0.00000 ( 1)  0.061 +-  0.045
 156 W   0.84793 0.07598 0.03320 0.01697 0.00942 0.00554 0.00345 0.00230 0.00174 0.00346 0.00000 ( 1)  0.084 +-  0.108
 157 Q   0.87789 0.06971 0.02680 0.01207 0.00591 0.00307 0.00169 0.00100 0.00067 0.00118 0.00000 ( 1)  0.073 +-  0.081
 158 N   0.00069 0.00878 0.03497 0.06881 0.09659 0.11228 0.11725 0.11709 0.12194 0.32126 0.00034 (10)  0.713 +-  0.227
 159 Y   0.86696 0.07233 0.02929 0.01389 0.00715 0.00391 0.00226 0.00140 0.00099 0.00182 0.00000 ( 1)  0.077 +-  0.090
 160 T   0.54823 0.13098 0.09253 0.06445 0.04484 0.03151 0.02268 0.01712 0.01440 0.03320 0.00005 ( 1)  0.202 +-  0.236
 161 H   0.05193 0.07910 0.12391 0.13592 0.12605 0.10706 0.08734 0.07149 0.06332 0.15382 0.00007 (10)  0.519 +-  0.277
 162 G   0.93392 0.04864 0.01212 0.00355 0.00114 0.00039 0.00014 0.00005 0.00002 0.00003 0.00000 ( 1)  0.059 +-  0.040
 163 P   0.90918 0.05979 0.01888 0.00698 0.00281 0.00120 0.00054 0.00026 0.00015 0.00021 0.00000 ( 1)  0.064 +-  0.056
 164 G   0.95182 0.03846 0.00743 0.00170 0.00042 0.00011 0.00003 0.00001 0.00000 0.00000 0.00000 ( 1)  0.056 +-  0.030
 165 T   0.00000 0.00000 0.00000 0.00000 0.00000 0.00001 0.00009 0.00056 0.00278 0.02843 0.96814 (11)  2.450 +-  0.275
 166 R   0.93685 0.04707 0.01133 0.00322 0.00100 0.00033 0.00012 0.00004 0.00002 0.00002 0.00000 ( 1)  0.059 +-  0.038
 167 Y   0.01351 0.02700 0.05392 0.07523 0.08859 0.09539 0.09850 0.10182 0.11351 0.32727 0.00526 (10)  0.698 +-  0.287
 168 P   0.90636 0.06086 0.01963 0.00742 0.00305 0.00133 0.00062 0.00031 0.00017 0.00025 0.00000 ( 1)  0.065 +-  0.058
 169 M   0.00000 0.00000 0.00003 0.00053 0.00346 0.01314 0.03549 0.07764 0.15602 0.66331 0.05037 (10)  0.979 +-  0.362
 170 F   0.00000 0.00000 0.00000 0.00000 0.00000 0.00000 0.00000 0.00000 0.00002 0.00018 0.99980 (11)  2.500 +-  0.035
 171 F   0.14330 0.09390 0.11069 0.10847 0.09765 0.08454 0.07255 0.06384 0.06171 0.16270 0.00065 (10)  0.481 +-  0.314
 172 G   0.93637 0.04735 0.01146 0.00326 0.00101 0.00034 0.00012 0.00005 0.00002 0.00002 0.00000 ( 1)  0.059 +-  0.039
 173 W   0.84793 0.07598 0.03320 0.01697 0.00942 0.00554 0.00345 0.00230 0.00174 0.00346 0.00000 ( 1)  0.084 +-  0.108
 174 L   0.86724 0.07227 0.02923 0.01384 0.00712 0.00389 0.00225 0.00139 0.00098 0.00180 0.00000 ( 1)  0.077 +-  0.090
 175 W   0.84793 0.07598 0.03320 0.01697 0.00942 0.00554 0.00345 0.00230 0.00174 0.00346 0.00000 ( 1)  0.084 +-  0.108
 176 K   0.94221 0.04415 0.00990 0.00262 0.00076 0.00023 0.00008 0.00003 0.00001 0.00001 0.00000 ( 1)  0.058 +-  0.035
 177 L   0.86673 0.07238 0.02935 0.01392 0.00718 0.00393 0.00227 0.00141 0.00099 0.00184 0.00000 ( 1)  0.077 +-  0.091
 178 V   0.79955 0.11826 0.04845 0.01965 0.00800 0.00331 0.00141 0.00063 0.00032 0.00042 0.00000 ( 1)  0.084 +-  0.085
 179 P   0.91025 0.05937 0.01859 0.00682 0.00272 0.00115 0.00052 0.00025 0.00014 0.00020 0.00000 ( 1)  0.064 +-  0.055
 180 V   0.93395 0.04861 0.01211 0.00355 0.00114 0.00039 0.00014 0.00006 0.00002 0.00003 0.00000 ( 1)  0.059 +-  0.040
 181 D   0.00000 0.00013 0.00217 0.01063 0.02878 0.05543 0.08674 0.12081 0.16601 0.52593 0.00336 (10)  0.844 +-  0.179
 182 V   0.00000 0.00000 0.00000 0.00000 0.00000 0.00000 0.00000 0.00000 0.00001 0.00007 0.99993 (11)  2.501 +-  0.030
 183 P   0.00003 0.00142 0.00990 0.02853 0.05381 0.07981 0.10271 0.12326 0.15117 0.44693 0.00242 (10)  0.799 +-  0.203
 184 R   0.00000 0.00011 0.00154 0.00726 0.02012 0.04112 0.06971 0.10659 0.16219 0.56660 0.02475 (10)  0.898 +-  0.290
 185 E   0.00005 0.00204 0.01336 0.03628 0.06455 0.09041 0.11003 0.12502 0.14541 0.41174 0.00111 (10)  0.778 +-  0.202
 186 D   0.00000 0.00000 0.00000 0.00000 0.00000 0.00000 0.00003 0.00014 0.00058 0.00539 0.99385 (11)  2.491 +-  0.125
 187 E   0.00019 0.00597 0.03199 0.07156 0.10547 0.12307 0.12552 0.12029 0.11885 0.29695 0.00013 (10)  0.704 +-  0.221
 188 A   0.00007 0.00124 0.00677 0.01827 0.03505 0.05552 0.07876 0.10647 0.14931 0.50215 0.04640 (10)  0.906 +-  0.388
 189 N   0.00018 0.00288 0.01393 0.03316 0.05618 0.07862 0.09862 0.11800 0.14670 0.44531 0.00641 (10)  0.800 +-  0.235
 190 C   0.11998 0.08188 0.10047 0.10246 0.09598 0.08645 0.07717 0.07062 0.07095 0.19266 0.00140 (10)  0.520 +-  0.320
 191 L   0.83809 0.07733 0.03492 0.01847 0.01061 0.00648 0.00419 0.00290 0.00228 0.00473 0.00001 ( 1)  0.088 +-  0.118
 192 L   0.00000 0.00000 0.00000 0.00006 0.00043 0.00193 0.00644 0.01782 0.04595 0.25843 0.66894 (11)  1.976 +-  0.746
 193 H   0.88440 0.06804 0.02528 0.01099 0.00519 0.00260 0.00138 0.00078 0.00050 0.00085 0.00000 ( 1)  0.071 +-  0.075
 194 P   0.91025 0.05937 0.01859 0.00682 0.00272 0.00115 0.00052 0.00025 0.00014 0.00020 0.00000 ( 1)  0.064 +-  0.055
 195 A   0.93609 0.04751 0.01153 0.00329 0.00103 0.00034 0.00012 0.00005 0.00002 0.00002 0.00000 ( 1)  0.059 +-  0.039
 196 Q   0.90188 0.06243 0.02081 0.00814 0.00346 0.00157 0.00075 0.00039 0.00023 0.00035 0.00000 ( 1)  0.066 +-  0.061
 197 T   0.00000 0.00002 0.00061 0.00423 0.01489 0.03539 0.06609 0.10719 0.16829 0.59188 0.01140 (10)  0.885 +-  0.215
 198 S   0.00021 0.00334 0.01579 0.03672 0.06078 0.08310 0.10184 0.11904 0.14459 0.43041 0.00415 (10)  0.788 +-  0.226
 199 R   0.00000 0.00000 0.00000 0.00000 0.00000 0.00001 0.00006 0.00032 0.00144 0.01391 0.98427 (11)  2.476 +-  0.196
 200 F   0.00103 0.00630 0.02082 0.04035 0.06054 0.07888 0.09517 0.11209 0.13953 0.43085 0.01443 (10)  0.801 +-  0.290
 201 D   0.77098 0.12524 0.05672 0.02537 0.01136 0.00516 0.00241 0.00118 0.00065 0.00094 0.00000 ( 1)  0.092 +-  0.099
 202 D   0.91342 0.05810 0.01773 0.00634 0.00247 0.00102 0.00045 0.00021 0.00011 0.00016 0.00000 ( 1)  0.063 +-  0.053
 203 Q   0.00001 0.00037 0.00327 0.01172 0.02718 0.04901 0.07599 0.10899 0.15845 0.53931 0.02570 (10)  0.887 +-  0.302
 204 H   0.89908 0.06348 0.02156 0.00857 0.00370 0.00170 0.00083 0.00043 0.00025 0.00039 0.00000 ( 1)  0.067 +-  0.063
 205 G   0.49207 0.20040 0.13826 0.07954 0.04223 0.02167 0.01108 0.00584 0.00339 0.00553 0.00000 ( 1)  0.168 +-  0.163
 206 E   0.84565 0.10260 0.03429 0.01144 0.00386 0.00134 0.00048 0.00018 0.00008 0.00009 0.00000 ( 1)  0.073 +-  0.065
 207 T   0.00010 0.00336 0.02021 0.05042 0.08253 0.10645 0.11941 0.12521 0.13457 0.35747 0.00029 (10)  0.745 +-  0.209
 208 L   0.85230 0.07519 0.03233 0.01627 0.00889 0.00516 0.00317 0.00209 0.00155 0.00305 0.00000 ( 1)  0.082 +-  0.104
 209 V   0.00000 0.00014 0.00130 0.00517 0.01336 0.02706 0.04741 0.07716 0.12766 0.49127 0.20947 (10)  1.211 +-  0.674
 210 W   0.84793 0.07598 0.03320 0.01697 0.00942 0.00554 0.00345 0.00230 0.00174 0.00346 0.00000 ( 1)  0.084 +-  0.108
 211 R   0.00000 0.00003 0.00075 0.00461 0.01529 0.03535 0.06528 0.10578 0.16695 0.59240 0.01355 (10)  0.888 +-  0.228
 212 F   0.85360 0.07506 0.03212 0.01607 0.00873 0.00503 0.00306 0.00200 0.00147 0.00286 0.00000 ( 1)  0.082 +-  0.102
 213 D   0.91343 0.05810 0.01773 0.00634 0.00247 0.00102 0.00045 0.00021 0.00011 0.00016 0.00000 ( 1)  0.063 +-  0.053
 214 P   0.00000 0.00006 0.00061 0.00259 0.00715 0.01545 0.02889 0.05019 0.08864 0.36547 0.44094 (11)  1.594 +-  0.810
 215 T   0.03427 0.10334 0.18282 0.19106 0.15565 0.11084 0.07360 0.04808 0.03357 0.06677 0.00000 ( 4)  0.437 +-  0.233
 216 L   0.83890 0.07731 0.03484 0.01837 0.01052 0.00639 0.00411 0.00283 0.00220 0.00454 0.00001 ( 1)  0.088 +-  0.117
 217 A   0.85218 0.07523 0.03236 0.01629 0.00890 0.00517 0.00317 0.00209 0.00155 0.00305 0.00000 ( 1)  0.082 +-  0.104
 218 Y   0.00000 0.00000 0.00000 0.00000 0.00004 0.00021 0.00078 0.00242 0.00694 0.04531 0.94429 (11)  2.412 +-  0.363
 219 D   0.00000 0.00000 0.00000 0.00000 0.00000 0.00001 0.00005 0.00027 0.00126 0.01231 0.98610 (11)  2.479 +-  0.185
 220 Y   0.84929 0.07573 0.03293 0.01675 0.00925 0.00543 0.00337 0.00224 0.00168 0.00334 0.00000 ( 1)  0.084 +-  0.107
 221 T   0.00000 0.00000 0.00000 0.00000 0.00000 0.00000 0.00000 0.00001 0.00006 0.00075 0.99917 (11)  2.499 +-  0.052
 222 A   0.84231 0.07683 0.03423 0.01785 0.01010 0.00607 0.00385 0.00262 0.00202 0.00411 0.00000 ( 1)  0.086 +-  0.113
 223 F   0.01379 0.02748 0.05476 0.07618 0.08944 0.09599 0.09876 0.10169 0.11289 0.32433 0.00468 (10)  0.694 +-  0.284
 224 N   0.00000 0.00000 0.00000 0.00000 0.00000 0.00000 0.00000 0.00000 0.00000 0.00001 0.99999 (11)  2.501 +-  0.027
 225 R   0.00000 0.00000 0.00000 0.00000 0.00000 0.00000 0.00000 0.00000 0.00000 0.00000 1.00000 (11)  2.501 +-  0.027
 226 F   0.00000 0.00000 0.00000 0.00000 0.00000 0.00000 0.00000 0.00001 0.00003 0.00036 0.99960 (11)  2.500 +-  0.041
 227 P   0.90998 0.05948 0.01866 0.00686 0.00274 0.00117 0.00052 0.00025 0.00014 0.00020 0.00000 ( 1)  0.064 +-  0.055
 228 E   0.93952 0.04561 0.01062 0.00292 0.00088 0.00028 0.00010 0.00004 0.00002 0.00002 0.00000 ( 1)  0.058 +-  0.037
 229 E   0.95389 0.03711 0.00694 0.00154 0.00038 0.00010 0.00003 0.00001 0.00000 0.00000 0.00000 ( 1)  0.056 +-  0.029
 230 F   0.85265 0.07521 0.03230 0.01622 0.00884 0.00511 0.00313 0.00205 0.00152 0.00296 0.00000 ( 1)  0.082 +-  0.103
 231 G   0.00000 0.00040 0.00555 0.02281 0.05198 0.08458 0.11220 0.13295 0.15610 0.43308 0.00034 (10)  0.797 +-  0.179
 232 H   0.00000 0.00000 0.00000 0.00004 0.00029 0.00120 0.00380 0.01011 0.02542 0.14389 0.81525 (11)  2.207 +-  0.616
 233 N   0.00001 0.00109 0.01006 0.03255 0.06357 0.09318 0.11509 0.12995 0.14795 0.40612 0.00045 (10)  0.779 +-  0.192
 234 S   0.88567 0.06762 0.02495 0.01078 0.00506 0.00253 0.00133 0.00076 0.00049 0.00082 0.00000 ( 1)  0.071 +-  0.074
 235 G   0.64839 0.13654 0.08296 0.04974 0.02981 0.01808 0.01124 0.00733 0.00534 0.01058 0.00000 ( 1)  0.142 +-  0.172
 236 L   0.53623 0.12960 0.09290 0.06569 0.04640 0.03313 0.02423 0.01858 0.01590 0.03728 0.00007 ( 1)  0.210 +-  0.244
 237 P   0.06875 0.09777 0.14361 0.14786 0.12885 0.10295 0.07910 0.06105 0.05106 0.11896 0.00003 ( 4)  0.474 +-  0.272
 238 E   0.95102 0.03891 0.00765 0.00178 0.00046 0.00013 0.00004 0.00001 0.00000 0.00000 0.00000 ( 1)  0.056 +-  0.031
 239 K   0.00000 0.00000 0.00000 0.00014 0.00134 0.00673 0.02255 0.05863 0.13566 0.64595 0.12899 (10)  1.114 +-  0.539
 240 E   0.82124 0.11150 0.04184 0.01561 0.00587 0.00226 0.00090 0.00038 0.00018 0.00022 0.00000 ( 1)  0.079 +-  0.075
 241 W   0.84793 0.07598 0.03320 0.01697 0.00942 0.00554 0.00345 0.00230 0.00174 0.00346 0.00000 ( 1)  0.084 +-  0.108
 242 K   0.17989 0.19044 0.20743 0.15913 0.10386 0.06247 0.03633 0.02134 0.01366 0.02545 0.00000 ( 3)  0.302 +-  0.215
 243 A   0.92744 0.05185 0.01389 0.00437 0.00150 0.00055 0.00021 0.00009 0.00004 0.00005 0.00000 ( 1)  0.060 +-  0.044
 244 R   0.00000 0.00011 0.00250 0.01361 0.03766 0.07051 0.10381 0.13294 0.16527 0.47329 0.00030 (10)  0.819 +-  0.164
 245 L   0.83509 0.07784 0.03551 0.01895 0.01098 0.00675 0.00439 0.00306 0.00241 0.00502 0.00001 ( 1)  0.090 +-  0.120
 246 K   0.95713 0.03506 0.00615 0.00128 0.00029 0.00007 0.00002 0.00001 0.00000 0.00000 0.00000 ( 1)  0.055 +-  0.028
 247 A   0.93631 0.04740 0.01147 0.00327 0.00101 0.00034 0.00012 0.00005 0.00002 0.00002 0.00000 ( 1)  0.059 +-  0.039
 248 R   0.94363 0.04336 0.00952 0.00246 0.00070 0.00021 0.00007 0.00002 0.00001 0.00001 0.00000 ( 1)  0.057 +-  0.035
 249 G   0.94147 0.04459 0.01009 0.00269 0.00078 0.00024 0.00008 0.00003 0.00001 0.00001 0.00000 ( 1)  0.058 +-  0.036
 250 I   0.94944 0.03997 0.00802 0.00189 0.00049 0.00013 0.00004 0.00001 0.00000 0.00000 0.00000 ( 1)  0.056 +-  0.031
 251 P   0.90241 0.06230 0.02068 0.00804 0.00340 0.00153 0.00073 0.00037 0.00021 0.00033 0.00000 ( 1)  0.066 +-  0.061
 252 C   0.00000 0.00000 0.00000 0.00001 0.00007 0.00030 0.00101 0.00291 0.00792 0.04955 0.93824 (11)  2.403 +-  0.381

Positively selected sites

	Prob(w>1)  mean w

     9 R      0.987*        2.480 +- 0.182
    13 L      0.699         2.021 +- 0.732
    17 Q      0.694         2.015 +- 0.732
    31 R      1.000**       2.501 +- 0.031
    32 C      0.969*        2.452 +- 0.274
    33 N      1.000**       2.501 +- 0.027
    40 L      0.972*        2.457 +- 0.259
    42 S      0.967*        2.448 +- 0.284
    72 T      0.961*        2.438 +- 0.308
    75 T      0.978*        2.467 +- 0.229
    77 R      0.879         2.310 +- 0.513
    81 L      0.996**       2.494 +- 0.107
   101 P      0.997**       2.496 +- 0.091
   110 P      0.949         2.420 +- 0.345
   115 L      0.644         1.929 +- 0.770
   122 F      0.903         2.347 +- 0.469
   165 T      0.968*        2.450 +- 0.275
   170 F      1.000**       2.500 +- 0.035
   182 V      1.000**       2.501 +- 0.030
   186 D      0.994**       2.491 +- 0.125
   192 L      0.669         1.976 +- 0.746
   199 R      0.984*        2.476 +- 0.196
   218 Y      0.944         2.412 +- 0.363
   219 D      0.986*        2.479 +- 0.185
   221 T      0.999**       2.499 +- 0.052
   224 N      1.000**       2.501 +- 0.027
   225 R      1.000**       2.501 +- 0.027
   226 F      1.000**       2.500 +- 0.041
   232 H      0.815         2.207 +- 0.616
   252 C      0.938         2.403 +- 0.381

