Supplemental results for CODEML (seqf: /dados/leticia/codeml_tutorial/exercise4/ex4_results/seqfile.txt  treef: treefile_M2.txt)


MLEs of dN/dS (w) for site classes (K=3)

p:   0.51134  0.38085  0.10781
w:   0.05280  1.00000  2.99776

Naive Empirical Bayes (NEB) probabilities for 3 classes & postmean_w & P(w>1)
(amino acids refer to 1st sequence: AJ344371)

   1 M   0.99996 0.00004 0.00000 ( 1)  0.053  0.000
   2 G   0.99800 0.00200 0.00000 ( 1)  0.055  0.000
   3 A   0.99928 0.00072 0.00000 ( 1)  0.053  0.000
   4 S   0.99883 0.00117 0.00000 ( 1)  0.054  0.000
   5 G   0.99999 0.00001 0.00000 ( 1)  0.053  0.000
   6 S   0.95918 0.04079 0.00003 ( 1)  0.092  0.000
   7 K   0.99992 0.00008 0.00000 ( 1)  0.053  0.000
   8 R   0.00001 0.99995 0.00004 ( 2)  1.000  0.000
   9 R   0.00000 0.02768 0.97232 ( 3)  2.942  0.972
  10 S   0.95918 0.04079 0.00003 ( 1)  0.092  0.000
  11 R   0.00000 0.87188 0.12812 ( 2)  1.256  0.128
  12 S   0.73049 0.26938 0.00013 ( 1)  0.308  0.000
  13 L   0.00000 0.57538 0.42462 ( 2)  1.848  0.425
  14 Q   0.00000 0.98823 0.01177 ( 2)  1.024  0.012
  15 G   0.00104 0.99896 0.00001 ( 2)  0.999  0.000
  16 L   0.99222 0.00778 0.00000 ( 1)  0.060  0.000
  17 Q   0.00000 0.57435 0.42565 ( 2)  1.850  0.426
  18 E   0.53932 0.46068 0.00000 ( 1)  0.489  0.000
  19 R   0.99997 0.00003 0.00000 ( 1)  0.053  0.000
  20 L   0.96290 0.03708 0.00002 ( 1)  0.088  0.000
  21 L   0.68343 0.31629 0.00027 ( 1)  0.353  0.000
  22 R   0.00010 0.99841 0.00149 ( 2)  1.003  0.001
  23 A   0.19939 0.80060 0.00001 ( 2)  0.811  0.000
  24 R   0.00000 0.82027 0.17973 ( 2)  1.359  0.180
  25 G   0.81319 0.18681 0.00000 ( 1)  0.230  0.000
  26 E   0.00000 0.99977 0.00022 ( 2)  1.000  0.000
  27 T   0.00000 0.89675 0.10325 ( 2)  1.206  0.103
  28 C   0.00000 0.97758 0.02242 ( 2)  1.045  0.022
  29 G   0.99989 0.00011 0.00000 ( 1)  0.053  0.000
  30 G   0.09473 0.90527 0.00000 ( 2)  0.910  0.000
  31 R   0.00000 0.00012 0.99988 ( 3)  2.998  1.000
  32 C   0.00000 0.06437 0.93563 ( 3)  2.869  0.936
  33 N   0.00000 0.00001 0.99999 ( 3)  2.998  1.000
  34 E   0.00000 0.94661 0.05339 ( 2)  1.107  0.053
  35 S   0.18487 0.81460 0.00052 ( 2)  0.826  0.001
  36 E   0.00000 0.99923 0.00077 ( 2)  1.002  0.001
  37 G   0.00015 0.99983 0.00001 ( 2)  1.000  0.000
  38 G   0.00000 0.99972 0.00028 ( 2)  1.001  0.000
  39 Y   0.00050 0.99077 0.00873 ( 2)  1.017  0.009
  40 L   0.00000 0.05734 0.94266 ( 3)  2.883  0.943
  41 Q   0.00001 0.99437 0.00562 ( 2)  1.011  0.006
  42 S   0.00000 0.07077 0.92923 ( 3)  2.856  0.929
  43 H   0.08245 0.91750 0.00005 ( 2)  0.922  0.000
  44 E   0.00161 0.99839 0.00000 ( 2)  0.998  0.000
  45 G   0.00000 0.99966 0.00034 ( 2)  1.001  0.000
  46 S   0.99714 0.00286 0.00000 ( 1)  0.056  0.000
  47 G   0.00000 0.97331 0.02669 ( 2)  1.053  0.027
  48 R   0.03774 0.96226 0.00000 ( 2)  0.964  0.000
  49 E   0.00001 0.99990 0.00009 ( 2)  1.000  0.000
  50 Q   0.99540 0.00460 0.00000 ( 1)  0.057  0.000
  51 R   0.00000 0.99756 0.00244 ( 2)  1.005  0.002
  52 S   0.00005 0.99265 0.00730 ( 2)  1.015  0.007
  53 P   0.06376 0.93029 0.00594 ( 2)  0.951  0.006
  54 S   0.95982 0.04015 0.00003 ( 1)  0.091  0.000
  55 C   0.88413 0.11586 0.00001 ( 1)  0.163  0.000
  56 E   0.99994 0.00006 0.00000 ( 1)  0.053  0.000
  57 G   0.99998 0.00002 0.00000 ( 1)  0.053  0.000
  58 Q   0.19661 0.80321 0.00018 ( 2)  0.814  0.000
  59 R   0.00000 0.98705 0.01295 ( 2)  1.026  0.013
  60 Y   0.99354 0.00646 0.00000 ( 1)  0.059  0.000
  61 Q   0.00000 0.94624 0.05376 ( 2)  1.107  0.054
  62 E   0.00011 0.99801 0.00188 ( 2)  1.004  0.002
  63 G   0.99998 0.00002 0.00000 ( 1)  0.053  0.000
  64 D   0.20299 0.79700 0.00000 ( 2)  0.808  0.000
  65 Y   0.19188 0.80770 0.00043 ( 2)  0.819  0.000
  66 M   0.98393 0.01607 0.00000 ( 1)  0.068  0.000
  67 N   0.99956 0.00044 0.00000 ( 1)  0.053  0.000
  68 T   0.98327 0.01673 0.00000 ( 1)  0.069  0.000
  69 P   0.99920 0.00080 0.00000 ( 1)  0.054  0.000
  70 W   0.18901 0.81054 0.00045 ( 2)  0.822  0.000
  71 R   0.01331 0.98669 0.00000 ( 2)  0.987  0.000
  72 T   0.00000 0.08857 0.91143 ( 3)  2.821  0.911
  73 P   0.98419 0.01581 0.00000 ( 1)  0.068  0.000
  74 A   0.00259 0.99741 0.00001 ( 2)  0.998  0.000
  75 T   0.00000 0.04994 0.95006 ( 3)  2.898  0.950
  76 E   0.90936 0.09064 0.00000 ( 1)  0.139  0.000
  77 R   0.00000 0.31163 0.68837 ( 3)  2.375  0.688
  78 E   0.99883 0.00117 0.00000 ( 1)  0.054  0.000
  79 K   0.00000 0.99612 0.00388 ( 2)  1.008  0.004
  80 E   0.00000 0.94819 0.05181 ( 2)  1.104  0.052
  81 L   0.00000 0.00724 0.99276 ( 3)  2.983  0.993
  82 Y   0.78009 0.21985 0.00007 ( 1)  0.261  0.000
  83 K   0.00000 0.99878 0.00122 ( 2)  1.002  0.001
  84 Q   0.99840 0.00160 0.00000 ( 1)  0.054  0.000
  85 Q   0.97108 0.02892 0.00000 ( 1)  0.080  0.000
  86 N   0.99961 0.00039 0.00000 ( 1)  0.053  0.000
  87 M   0.99996 0.00004 0.00000 ( 1)  0.053  0.000
  88 D   0.99976 0.00024 0.00000 ( 1)  0.053  0.000
  89 D   0.99474 0.00526 0.00000 ( 1)  0.058  0.000
  90 V   0.99828 0.00172 0.00000 ( 1)  0.054  0.000
  91 D   0.99976 0.00024 0.00000 ( 1)  0.053  0.000
  92 L   0.00000 0.98599 0.01400 ( 2)  1.028  0.014
  93 D   0.99568 0.00432 0.00000 ( 1)  0.057  0.000
  94 D   0.99546 0.00454 0.00000 ( 1)  0.057  0.000
  95 D   0.02917 0.97082 0.00000 ( 2)  0.972  0.000
  96 D   0.17967 0.82033 0.00001 ( 2)  0.830  0.000
  97 Q   0.00000 0.80443 0.19557 ( 2)  1.391  0.196
  98 V   0.00458 0.99542 0.00000 ( 2)  0.996  0.000
  99 G   0.99995 0.00005 0.00000 ( 1)  0.053  0.000
 100 F   0.00003 0.97423 0.02575 ( 2)  1.051  0.026
 101 P   0.00000 0.00529 0.99471 ( 3)  2.987  0.995
 102 V   0.98481 0.01519 0.00000 ( 1)  0.067  0.000
 103 T   0.00000 0.99913 0.00087 ( 2)  1.002  0.001
 104 P   0.77669 0.22331 0.00000 ( 1)  0.264  0.000
 105 K   0.00000 0.99990 0.00010 ( 2)  1.000  0.000
 106 V   0.00226 0.99773 0.00001 ( 2)  0.998  0.000
 107 P   0.00000 0.99715 0.00285 ( 2)  1.006  0.003
 108 L   0.82857 0.17140 0.00003 ( 1)  0.215  0.000
 109 R   0.99996 0.00004 0.00000 ( 1)  0.053  0.000
 110 P   0.00000 0.12700 0.87300 ( 3)  2.744  0.873
 111 M   0.99996 0.00004 0.00000 ( 1)  0.053  0.000
 112 T   0.99984 0.00016 0.00000 ( 1)  0.053  0.000
 113 F   0.00000 0.92881 0.07119 ( 2)  1.142  0.071
 114 K   0.00000 0.99968 0.00032 ( 2)  1.001  0.000
 115 L   0.00000 0.60607 0.39393 ( 2)  1.787  0.394
 116 A   0.99991 0.00009 0.00000 ( 1)  0.053  0.000
 117 V   0.00000 0.99591 0.00409 ( 2)  1.008  0.004
 118 D   0.99969 0.00031 0.00000 ( 1)  0.053  0.000
 119 M   0.99996 0.00004 0.00000 ( 1)  0.053  0.000
 120 S   0.99706 0.00294 0.00000 ( 1)  0.056  0.000
 121 H   0.62485 0.37515 0.00000 ( 1)  0.408  0.000
 122 F   0.00000 0.21598 0.78402 ( 3)  2.566  0.784
 123 L   0.99947 0.00053 0.00000 ( 1)  0.053  0.000
 124 K   0.99999 0.00001 0.00000 ( 1)  0.053  0.000
 125 E   0.00000 0.99934 0.00066 ( 2)  1.001  0.001
 126 K   0.75344 0.24656 0.00000 ( 1)  0.286  0.000
 127 G   0.99989 0.00011 0.00000 ( 1)  0.053  0.000
 128 G   0.99999 0.00001 0.00000 ( 1)  0.053  0.000
 129 L   0.98204 0.01796 0.00000 ( 1)  0.070  0.000
 130 E   0.99985 0.00015 0.00000 ( 1)  0.053  0.000
 131 G   0.99989 0.00011 0.00000 ( 1)  0.053  0.000
 132 I   0.13409 0.86591 0.00000 ( 2)  0.873  0.000
 133 F   0.00067 0.99497 0.00435 ( 2)  1.008  0.004
 134 Y   0.80397 0.19599 0.00005 ( 1)  0.239  0.000
 135 S   0.10156 0.89842 0.00002 ( 2)  0.904  0.000
 136 H   0.00000 0.99976 0.00024 ( 2)  1.000  0.000
 137 R   0.01189 0.98811 0.00000 ( 2)  0.989  0.000
 138 R   0.99997 0.00003 0.00000 ( 1)  0.053  0.000
 139 H   0.63572 0.36427 0.00000 ( 1)  0.398  0.000
 140 K   0.00000 0.99970 0.00030 ( 2)  1.001  0.000
 141 I   0.98763 0.01237 0.00000 ( 1)  0.065  0.000
 142 L   0.98343 0.01657 0.00000 ( 1)  0.068  0.000
 143 D   0.99955 0.00045 0.00000 ( 1)  0.053  0.000
 144 L   0.00001 0.99998 0.00001 ( 2)  1.000  0.000
 145 Y   0.98644 0.01356 0.00000 ( 1)  0.066  0.000
 146 L   0.75253 0.24734 0.00013 ( 1)  0.287  0.000
 147 E   0.99977 0.00023 0.00000 ( 1)  0.053  0.000
 148 K   0.08634 0.91366 0.00000 ( 2)  0.918  0.000
 149 E   0.99648 0.00352 0.00000 ( 1)  0.056  0.000
 150 E   0.99937 0.00063 0.00000 ( 1)  0.053  0.000
 151 G   0.99991 0.00009 0.00000 ( 1)  0.053  0.000
 152 I   0.99172 0.00828 0.00000 ( 1)  0.061  0.000
 153 V   0.00096 0.99682 0.00221 ( 2)  1.004  0.002
 154 A   0.00000 0.99918 0.00081 ( 2)  1.002  0.001
 155 D   0.99973 0.00027 0.00000 ( 1)  0.053  0.000
 156 W   0.98776 0.01224 0.00000 ( 1)  0.064  0.000
 157 Q   0.99557 0.00443 0.00000 ( 1)  0.057  0.000
 158 N   0.00052 0.99939 0.00009 ( 2)  1.000  0.000
 159 Y   0.99366 0.00634 0.00000 ( 1)  0.059  0.000
 160 T   0.84514 0.15484 0.00002 ( 1)  0.200  0.000
 161 H   0.08065 0.91932 0.00003 ( 2)  0.924  0.000
 162 G   0.99989 0.00011 0.00000 ( 1)  0.053  0.000
 163 P   0.99920 0.00080 0.00000 ( 1)  0.054  0.000
 164 G   0.99999 0.00001 0.00000 ( 1)  0.053  0.000
 165 T   0.00000 0.08640 0.91360 ( 3)  2.825  0.914
 166 R   0.99991 0.00009 0.00000 ( 1)  0.053  0.000
 167 Y   0.01191 0.98623 0.00187 ( 2)  0.992  0.002
 168 P   0.99904 0.00096 0.00000 ( 1)  0.054  0.000
 169 M   0.00000 0.99056 0.00944 ( 2)  1.019  0.009
 170 F   0.00000 0.00025 0.99975 ( 3)  2.997  1.000
 171 F   0.20622 0.79344 0.00034 ( 2)  0.805  0.000
 172 G   0.99991 0.00009 0.00000 ( 1)  0.053  0.000
 173 W   0.98776 0.01224 0.00000 ( 1)  0.064  0.000
 174 L   0.99344 0.00656 0.00000 ( 1)  0.059  0.000
 175 W   0.98776 0.01224 0.00000 ( 1)  0.064  0.000
 176 K   0.99995 0.00005 0.00000 ( 1)  0.053  0.000
 177 L   0.99332 0.00668 0.00000 ( 1)  0.059  0.000
 178 V   0.99796 0.00204 0.00000 ( 1)  0.055  0.000
 179 P   0.99925 0.00075 0.00000 ( 1)  0.054  0.000
 180 V   0.99988 0.00012 0.00000 ( 1)  0.053  0.000
 181 D   0.00000 0.99934 0.00066 ( 2)  1.001  0.001
 182 V   0.00000 0.00008 0.99992 ( 3)  2.998  1.000
 183 P   0.00002 0.99946 0.00052 ( 2)  1.001  0.001
 184 R   0.00000 0.99375 0.00625 ( 2)  1.012  0.006
 185 E   0.00003 0.99972 0.00025 ( 2)  1.000  0.000
 186 D   0.00000 0.01205 0.98795 ( 3)  2.974  0.988
 187 E   0.00015 0.99982 0.00003 ( 2)  1.000  0.000
 188 A   0.00004 0.98714 0.01282 ( 2)  1.026  0.013
 189 N   0.00010 0.99818 0.00171 ( 2)  1.003  0.002
 190 C   0.15995 0.83938 0.00066 ( 2)  0.850  0.001
 191 L   0.98359 0.01641 0.00000 ( 1)  0.068  0.000
 192 L   0.00000 0.60193 0.39807 ( 2)  1.795  0.398
 193 H   0.99682 0.00318 0.00000 ( 1)  0.056  0.000
 194 P   0.99925 0.00075 0.00000 ( 1)  0.054  0.000
 195 A   0.99991 0.00009 0.00000 ( 1)  0.053  0.000
 196 Q   0.99861 0.00139 0.00000 ( 1)  0.054  0.000
 197 T   0.00000 0.99792 0.00208 ( 2)  1.004  0.002
 198 S   0.00013 0.99887 0.00100 ( 2)  1.002  0.001
 199 R   0.00000 0.03723 0.96277 ( 3)  2.923  0.963
 200 F   0.00067 0.99491 0.00442 ( 2)  1.008  0.004
 201 D   0.99528 0.00472 0.00000 ( 1)  0.057  0.000
 202 D   0.99937 0.00063 0.00000 ( 1)  0.053  0.000
 203 Q   0.00000 0.99377 0.00623 ( 2)  1.012  0.006
 204 H   0.99849 0.00151 0.00000 ( 1)  0.054  0.000
 205 G   0.95985 0.04015 0.00000 ( 1)  0.091  0.000
 206 E   0.99956 0.00044 0.00000 ( 1)  0.053  0.000
 207 T   0.00006 0.99988 0.00006 ( 2)  1.000  0.000
 208 L   0.98913 0.01087 0.00000 ( 1)  0.063  0.000
 209 V   0.00000 0.92562 0.07438 ( 2)  1.149  0.074
 210 W   0.98776 0.01224 0.00000 ( 1)  0.064  0.000
 211 R   0.00000 0.99755 0.00245 ( 2)  1.005  0.002
 212 F   0.98988 0.01012 0.00000 ( 1)  0.062  0.000
 213 D   0.99937 0.00063 0.00000 ( 1)  0.053  0.000
 214 P   0.00000 0.79754 0.20246 ( 2)  1.404  0.202
 215 T   0.10957 0.89043 0.00000 ( 2)  0.896  0.000
 216 L   0.98406 0.01594 0.00000 ( 1)  0.068  0.000
 217 A   0.98955 0.01045 0.00000 ( 1)  0.063  0.000
 218 Y   0.00000 0.12132 0.87868 ( 3)  2.755  0.879
 219 D   0.00000 0.02989 0.97011 ( 3)  2.938  0.970
 220 Y   0.98858 0.01142 0.00000 ( 1)  0.064  0.000
 221 T   0.00000 0.00121 0.99879 ( 3)  2.995  0.999
 222 A   0.98603 0.01397 0.00000 ( 1)  0.066  0.000
 223 F   0.01195 0.98632 0.00173 ( 2)  0.992  0.002
 224 N   0.00000 0.00001 0.99999 ( 3)  2.998  1.000
 225 R   0.00000 0.00000 1.00000 ( 3)  2.998  1.000
 226 F   0.00000 0.00055 0.99945 ( 3)  2.997  0.999
 227 P   0.99924 0.00076 0.00000 ( 1)  0.054  0.000
 228 E   0.99993 0.00007 0.00000 ( 1)  0.053  0.000
 229 E   0.99999 0.00001 0.00000 ( 1)  0.053  0.000
 230 F   0.98953 0.01047 0.00000 ( 1)  0.063  0.000
 231 G   0.00000 0.99995 0.00005 ( 2)  1.000  0.000
 232 H   0.00000 0.39228 0.60772 ( 3)  2.214  0.608
 233 N   0.00001 0.99991 0.00008 ( 2)  1.000  0.000
 234 S   0.99714 0.00286 0.00000 ( 1)  0.056  0.000
 235 G   0.95141 0.04859 0.00000 ( 1)  0.099  0.000
 236 L   0.82023 0.17973 0.00003 ( 1)  0.223  0.000
 237 P   0.13180 0.86819 0.00001 ( 2)  0.875  0.000
 238 E   0.99998 0.00002 0.00000 ( 1)  0.053  0.000
 239 K   0.00000 0.96934 0.03066 ( 2)  1.061  0.031
 240 E   0.99893 0.00107 0.00000 ( 1)  0.054  0.000
 241 W   0.98776 0.01224 0.00000 ( 1)  0.064  0.000
 242 K   0.64123 0.35877 0.00000 ( 1)  0.393  0.000
 243 A   0.99979 0.00021 0.00000 ( 1)  0.053  0.000
 244 R   0.00000 0.99996 0.00004 ( 2)  1.000  0.000
 245 L   0.98242 0.01758 0.00000 ( 1)  0.069  0.000
 246 K   0.99999 0.00001 0.00000 ( 1)  0.053  0.000
 247 A   0.99991 0.00009 0.00000 ( 1)  0.053  0.000
 248 R   0.99996 0.00004 0.00000 ( 1)  0.053  0.000
 249 G   0.99995 0.00005 0.00000 ( 1)  0.053  0.000
 250 I   0.99998 0.00002 0.00000 ( 1)  0.053  0.000
 251 P   0.99878 0.00122 0.00000 ( 1)  0.054  0.000
 252 C   0.00000 0.13678 0.86322 ( 3)  2.725  0.863

Positively selected sites

	Prob(w>1)  mean w

     9 R      0.972*        2.942
    31 R      1.000**       2.998
    32 C      0.936         2.869
    33 N      1.000**       2.998
    40 L      0.943         2.883
    42 S      0.929         2.856
    72 T      0.911         2.821
    75 T      0.950*        2.898
    77 R      0.688         2.375
    81 L      0.993**       2.983
   101 P      0.995**       2.987
   110 P      0.873         2.744
   122 F      0.784         2.566
   165 T      0.914         2.825
   170 F      1.000**       2.997
   182 V      1.000**       2.998
   186 D      0.988*        2.974
   199 R      0.963*        2.923
   218 Y      0.879         2.755
   219 D      0.970*        2.938
   221 T      0.999**       2.995
   224 N      1.000**       2.998
   225 R      1.000**       2.998
   226 F      0.999**       2.997
   232 H      0.608         2.214
   252 C      0.863         2.725


lnL = -9241.335890

Bayes Empirical Bayes (BEB) probabilities for 3 classes (class) & postmean_w
(amino acids refer to 1st sequence: AJ344371)

   1 M   0.99996 0.00004 0.00000 ( 1)  0.050 +-  0.006
   2 G   0.99806 0.00194 0.00000 ( 1)  0.052 +-  0.042
   3 A   0.99930 0.00070 0.00000 ( 1)  0.051 +-  0.025
   4 S   0.99887 0.00113 0.00000 ( 1)  0.051 +-  0.032
   5 G   0.99999 0.00001 0.00000 ( 1)  0.050 +-  0.003
   6 S   0.96002 0.03990 0.00008 ( 1)  0.088 +-  0.187
   7 K   0.99993 0.00007 0.00000 ( 1)  0.050 +-  0.008
   8 R   0.00001 0.99965 0.00034 ( 2)  1.001 +-  0.028
   9 R   0.00000 0.03455 0.96545 ( 3)  2.974 +-  0.616
  10 S   0.96002 0.03990 0.00008 ( 1)  0.088 +-  0.187
  11 R   0.00000 0.79944 0.20056 ( 2)  1.316 +-  0.643
  12 S   0.72651 0.27306 0.00043 ( 1)  0.310 +-  0.426
  13 L   0.00000 0.58706 0.41294 ( 2)  1.745 +-  0.937
  14 Q   0.00000 0.97252 0.02748 ( 2)  1.043 +-  0.256
  15 G   0.00085 0.99906 0.00009 ( 2)  0.999 +-  0.031
  16 L   0.99242 0.00758 0.00000 ( 1)  0.057 +-  0.082
  17 Q   0.00000 0.58751 0.41249 ( 2)  1.732 +-  0.920
  18 E   0.51356 0.48643 0.00001 ( 1)  0.512 +-  0.475
  19 R   0.99997 0.00003 0.00000 ( 1)  0.050 +-  0.005
  20 L   0.96368 0.03626 0.00006 ( 1)  0.085 +-  0.179
  21 L   0.67925 0.31997 0.00078 ( 1)  0.356 +-  0.447
  22 R   0.00008 0.99458 0.00534 ( 2)  1.008 +-  0.112
  23 A   0.18442 0.81552 0.00006 ( 2)  0.825 +-  0.369
  24 R   0.00000 0.78465 0.21535 ( 2)  1.363 +-  0.715
  25 G   0.79575 0.20425 0.00000 ( 1)  0.244 +-  0.383
  26 E   0.00000 0.99863 0.00136 ( 2)  1.002 +-  0.056
  27 T   0.00000 0.85836 0.14164 ( 2)  1.232 +-  0.587
  28 C   0.00000 0.95557 0.04443 ( 2)  1.070 +-  0.328
  29 G   0.99990 0.00010 0.00000 ( 1)  0.050 +-  0.010
  30 G   0.08331 0.91668 0.00001 ( 2)  0.921 +-  0.263
  31 R   0.00000 0.00016 0.99984 ( 3)  3.050 +-  0.498
  32 C   0.00000 0.07841 0.92159 ( 3)  2.877 +-  0.727
  33 N   0.00000 0.00002 0.99998 ( 3)  3.051 +-  0.498
  34 E   0.00000 0.88424 0.11576 ( 2)  1.179 +-  0.501
  35 S   0.17706 0.82116 0.00178 ( 2)  0.835 +-  0.370
  36 E   0.00000 0.99589 0.00411 ( 2)  1.006 +-  0.097
  37 G   0.00012 0.99973 0.00015 ( 2)  1.000 +-  0.021
  38 G   0.00000 0.99818 0.00182 ( 2)  1.003 +-  0.064
  39 Y   0.00043 0.98067 0.01891 ( 2)  1.029 +-  0.216
  40 L   0.00000 0.06764 0.93236 ( 3)  2.903 +-  0.703
  41 Q   0.00000 0.98474 0.01526 ( 2)  1.023 +-  0.190
  42 S   0.00000 0.08133 0.91867 ( 3)  2.874 +-  0.734
  43 H   0.07546 0.92424 0.00030 ( 2)  0.929 +-  0.252
  44 E   0.00127 0.99872 0.00001 ( 2)  0.999 +-  0.034
  45 G   0.00000 0.99770 0.00230 ( 2)  1.003 +-  0.072
  46 S   0.99723 0.00277 0.00000 ( 1)  0.053 +-  0.050
  47 G   0.00000 0.94675 0.05325 ( 2)  1.083 +-  0.356
  48 R   0.03289 0.96708 0.00003 ( 2)  0.969 +-  0.170
  49 E   0.00001 0.99940 0.00060 ( 2)  1.001 +-  0.037
  50 Q   0.99553 0.00447 0.00000 ( 1)  0.054 +-  0.063
  51 R   0.00000 0.98910 0.01090 ( 2)  1.016 +-  0.158
  52 S   0.00004 0.98232 0.01764 ( 2)  1.027 +-  0.206
  53 P   0.06038 0.92744 0.01218 ( 2)  0.962 +-  0.290
  54 S   0.96065 0.03927 0.00008 ( 1)  0.087 +-  0.186
  55 C   0.88178 0.11819 0.00004 ( 1)  0.162 +-  0.307
  56 E   0.99994 0.00006 0.00000 ( 1)  0.050 +-  0.007
  57 G   0.99998 0.00002 0.00000 ( 1)  0.050 +-  0.004
  58 Q   0.18824 0.81095 0.00080 ( 2)  0.822 +-  0.374
  59 R   0.00000 0.97268 0.02732 ( 2)  1.043 +-  0.259
  60 Y   0.99371 0.00628 0.00000 ( 1)  0.056 +-  0.075
  61 Q   0.00000 0.90808 0.09192 ( 2)  1.146 +-  0.467
  62 E   0.00009 0.99380 0.00611 ( 2)  1.009 +-  0.120
  63 G   0.99998 0.00002 0.00000 ( 1)  0.050 +-  0.004
  64 D   0.18780 0.81215 0.00005 ( 2)  0.822 +-  0.371
  65 Y   0.18384 0.81463 0.00154 ( 2)  0.828 +-  0.374
  66 M   0.98285 0.01715 0.00000 ( 1)  0.066 +-  0.123
  67 N   0.99958 0.00042 0.00000 ( 1)  0.050 +-  0.020
  68 T   0.98367 0.01632 0.00001 ( 1)  0.066 +-  0.121
  69 P   0.99922 0.00078 0.00000 ( 1)  0.051 +-  0.026
  70 W   0.18106 0.81733 0.00160 ( 2)  0.830 +-  0.372
  71 R   0.01103 0.98896 0.00001 ( 2)  0.990 +-  0.099
  72 T   0.00000 0.11028 0.88972 ( 3)  2.803 +-  0.790
  73 P   0.98386 0.01614 0.00000 ( 1)  0.065 +-  0.120
  74 A   0.00213 0.99779 0.00008 ( 2)  0.998 +-  0.046
  75 T   0.00000 0.07510 0.92490 ( 3)  2.875 +-  0.718
  76 E   0.89968 0.10032 0.00000 ( 1)  0.145 +-  0.285
  77 R   0.00000 0.39490 0.60510 ( 3)  2.125 +-  0.983
  78 E   0.99882 0.00118 0.00000 ( 1)  0.051 +-  0.033
  79 K   0.00000 0.98420 0.01580 ( 2)  1.024 +-  0.190
  80 E   0.00000 0.89657 0.10343 ( 2)  1.161 +-  0.481
  81 L   0.00000 0.00829 0.99171 ( 3)  3.033 +-  0.529
  82 Y   0.77646 0.22330 0.00024 ( 1)  0.263 +-  0.397
  83 K   0.00000 0.99440 0.00560 ( 2)  1.008 +-  0.113
  84 Q   0.99845 0.00155 0.00000 ( 1)  0.051 +-  0.037
  85 Q   0.97046 0.02954 0.00000 ( 1)  0.078 +-  0.161
  86 N   0.99963 0.00037 0.00000 ( 1)  0.050 +-  0.018
  87 M   0.99996 0.00004 0.00000 ( 1)  0.050 +-  0.006
  88 D   0.99976 0.00024 0.00000 ( 1)  0.050 +-  0.015
  89 D   0.99464 0.00536 0.00000 ( 1)  0.055 +-  0.069
  90 V   0.99826 0.00174 0.00000 ( 1)  0.052 +-  0.040
  91 D   0.99977 0.00023 0.00000 ( 1)  0.050 +-  0.014
  92 L   0.00000 0.96853 0.03147 ( 2)  1.049 +-  0.274
  93 D   0.99561 0.00439 0.00000 ( 1)  0.054 +-  0.063
  94 D   0.99538 0.00462 0.00000 ( 1)  0.054 +-  0.064
  95 D   0.02538 0.97457 0.00005 ( 2)  0.976 +-  0.150
  96 D   0.16589 0.83404 0.00006 ( 2)  0.842 +-  0.354
  97 Q   0.00000 0.76848 0.23152 ( 2)  1.389 +-  0.732
  98 V   0.00378 0.99619 0.00004 ( 2)  0.996 +-  0.059
  99 G   0.99995 0.00005 0.00000 ( 1)  0.050 +-  0.007
 100 F   0.00002 0.95410 0.04588 ( 2)  1.073 +-  0.339
 101 P   0.00000 0.00599 0.99401 ( 3)  3.039 +-  0.521
 102 V   0.98518 0.01482 0.00001 ( 1)  0.064 +-  0.115
 103 T   0.00000 0.99540 0.00460 ( 2)  1.007 +-  0.102
 104 P   0.76514 0.23485 0.00001 ( 1)  0.273 +-  0.403
 105 K   0.00000 0.99917 0.00083 ( 2)  1.001 +-  0.043
 106 V   0.00186 0.99804 0.00010 ( 2)  0.998 +-  0.044
 107 P   0.00000 0.99033 0.00967 ( 2)  1.015 +-  0.150
 108 L   0.82543 0.17444 0.00013 ( 1)  0.216 +-  0.361
 109 R   0.99996 0.00004 0.00000 ( 1)  0.050 +-  0.006
 110 P   0.00000 0.18850 0.81150 ( 3)  2.606 +-  0.896
 111 M   0.99996 0.00004 0.00000 ( 1)  0.050 +-  0.006
 112 T   0.99984 0.00016 0.00000 ( 1)  0.050 +-  0.012
 113 F   0.00000 0.89195 0.10805 ( 2)  1.175 +-  0.512
 114 K   0.00000 0.99803 0.00197 ( 2)  1.003 +-  0.067
 115 L   0.00000 0.61037 0.38963 ( 2)  1.712 +-  0.938
 116 A   0.99991 0.00009 0.00000 ( 1)  0.050 +-  0.009
 117 V   0.00000 0.98129 0.01871 ( 2)  1.028 +-  0.205
 118 D   0.99970 0.00030 0.00000 ( 1)  0.050 +-  0.016
 119 M   0.99996 0.00004 0.00000 ( 1)  0.050 +-  0.006
 120 S   0.99715 0.00285 0.00000 ( 1)  0.053 +-  0.051
 121 H   0.61036 0.38960 0.00004 ( 1)  0.420 +-  0.463
 122 F   0.00000 0.25783 0.74217 ( 3)  2.467 +-  0.966
 123 L   0.99946 0.00054 0.00000 ( 1)  0.051 +-  0.022
 124 K   0.99999 0.00001 0.00000 ( 1)  0.050 +-  0.002
 125 E   0.00000 0.99679 0.00321 ( 2)  1.005 +-  0.086
 126 K   0.73257 0.26743 0.00000 ( 1)  0.304 +-  0.420
 127 G   0.99989 0.00011 0.00000 ( 1)  0.050 +-  0.010
 128 G   0.99999 0.00001 0.00000 ( 1)  0.050 +-  0.003
 129 L   0.98246 0.01753 0.00001 ( 1)  0.067 +-  0.125
 130 E   0.99985 0.00015 0.00000 ( 1)  0.050 +-  0.012
 131 G   0.99990 0.00010 0.00000 ( 1)  0.050 +-  0.010
 132 I   0.11850 0.88149 0.00000 ( 2)  0.887 +-  0.307
 133 F   0.00057 0.98817 0.01126 ( 2)  1.017 +-  0.166
 134 Y   0.80056 0.19927 0.00017 ( 1)  0.240 +-  0.381
 135 S   0.09312 0.90673 0.00015 ( 2)  0.912 +-  0.277
 136 H   0.00000 0.99866 0.00134 ( 2)  1.002 +-  0.055
 137 R   0.00984 0.99015 0.00001 ( 2)  0.991 +-  0.094
 138 R   0.99997 0.00003 0.00000 ( 1)  0.050 +-  0.005
 139 H   0.62133 0.37863 0.00004 ( 1)  0.410 +-  0.461
 140 K   0.00000 0.99775 0.00225 ( 2)  1.003 +-  0.071
 141 I   0.98794 0.01206 0.00000 ( 1)  0.061 +-  0.104
 142 L   0.98382 0.01617 0.00001 ( 1)  0.065 +-  0.120
 143 D   0.99957 0.00043 0.00000 ( 1)  0.050 +-  0.020
 144 L   0.00001 0.99989 0.00010 ( 2)  1.000 +-  0.015
 145 Y   0.98677 0.01322 0.00000 ( 1)  0.063 +-  0.109
 146 L   0.74869 0.25091 0.00040 ( 1)  0.289 +-  0.414
 147 E   0.99977 0.00023 0.00000 ( 1)  0.050 +-  0.015
 148 K   0.07584 0.92415 0.00001 ( 2)  0.928 +-  0.252
 149 E   0.99626 0.00374 0.00000 ( 1)  0.054 +-  0.058
 150 E   0.99936 0.00064 0.00000 ( 1)  0.051 +-  0.024
 151 G   0.99991 0.00009 0.00000 ( 1)  0.050 +-  0.009
 152 I   0.99118 0.00882 0.00000 ( 1)  0.058 +-  0.089
 153 V   0.00082 0.99250 0.00668 ( 2)  1.009 +-  0.129
 154 A   0.00000 0.99638 0.00362 ( 2)  1.005 +-  0.091
 155 D   0.99974 0.00026 0.00000 ( 1)  0.050 +-  0.015
 156 W   0.98806 0.01194 0.00000 ( 1)  0.061 +-  0.103
 157 Q   0.99569 0.00431 0.00000 ( 1)  0.054 +-  0.062
 158 N   0.00042 0.99899 0.00059 ( 2)  1.000 +-  0.041
 159 Y   0.99383 0.00617 0.00000 ( 1)  0.056 +-  0.074
 160 T   0.84222 0.15770 0.00009 ( 1)  0.200 +-  0.347
 161 H   0.07379 0.92597 0.00024 ( 2)  0.930 +-  0.250
 162 G   0.99989 0.00011 0.00000 ( 1)  0.050 +-  0.010
 163 P   0.99922 0.00078 0.00000 ( 1)  0.051 +-  0.026
 164 G   0.99999 0.00001 0.00000 ( 1)  0.050 +-  0.003
 165 T   0.00000 0.16442 0.83558 ( 3)  2.654 +-  0.864
 166 R   0.99992 0.00008 0.00000 ( 1)  0.050 +-  0.009
 167 Y   0.01075 0.98390 0.00536 ( 2)  0.998 +-  0.150
 168 P   0.99907 0.00093 0.00000 ( 1)  0.051 +-  0.029
 169 M   0.00000 0.96841 0.03159 ( 2)  1.048 +-  0.268
 170 F   0.00000 0.00032 0.99968 ( 3)  3.050 +-  0.499
 171 F   0.19772 0.80099 0.00129 ( 2)  0.814 +-  0.383
 172 G   0.99992 0.00008 0.00000 ( 1)  0.050 +-  0.009
 173 W   0.98806 0.01194 0.00000 ( 1)  0.061 +-  0.103
 174 L   0.99361 0.00638 0.00000 ( 1)  0.056 +-  0.076
 175 W   0.98806 0.01194 0.00000 ( 1)  0.061 +-  0.103
 176 K   0.99995 0.00005 0.00000 ( 1)  0.050 +-  0.007
 177 L   0.99349 0.00651 0.00000 ( 1)  0.056 +-  0.076
 178 V   0.99793 0.00207 0.00000 ( 1)  0.052 +-  0.043
 179 P   0.99928 0.00072 0.00000 ( 1)  0.051 +-  0.026
 180 V   0.99989 0.00011 0.00000 ( 1)  0.050 +-  0.010
 181 D   0.00000 0.99665 0.00335 ( 2)  1.005 +-  0.087
 182 V   0.00000 0.00012 0.99988 ( 3)  3.050 +-  0.498
 183 P   0.00001 0.99747 0.00252 ( 2)  1.004 +-  0.076
 184 R   0.00000 0.98189 0.01811 ( 2)  1.028 +-  0.206
 185 E   0.00002 0.99856 0.00142 ( 2)  1.002 +-  0.057
 186 D   0.00000 0.01542 0.98458 ( 3)  3.016 +-  0.555
 187 E   0.00012 0.99963 0.00025 ( 2)  1.000 +-  0.026
 188 A   0.00003 0.97281 0.02716 ( 2)  1.042 +-  0.257
 189 N   0.00008 0.99403 0.00588 ( 2)  1.009 +-  0.117
 190 C   0.15298 0.84483 0.00219 ( 2)  0.858 +-  0.351
 191 L   0.98398 0.01601 0.00001 ( 1)  0.065 +-  0.119
 192 L   0.00000 0.60856 0.39144 ( 2)  1.674 +-  0.879
 193 H   0.99691 0.00309 0.00000 ( 1)  0.053 +-  0.053
 194 P   0.99928 0.00072 0.00000 ( 1)  0.051 +-  0.026
 195 A   0.99991 0.00009 0.00000 ( 1)  0.050 +-  0.009
 196 Q   0.99866 0.00134 0.00000 ( 1)  0.051 +-  0.035
 197 T   0.00000 0.99123 0.00877 ( 2)  1.013 +-  0.142
 198 S   0.00011 0.99595 0.00394 ( 2)  1.006 +-  0.096
 199 R   0.00000 0.05991 0.94009 ( 3)  2.910 +-  0.683
 200 F   0.00057 0.98805 0.01138 ( 2)  1.017 +-  0.167
 201 D   0.99520 0.00480 0.00000 ( 1)  0.055 +-  0.066
 202 D   0.99939 0.00061 0.00000 ( 1)  0.051 +-  0.023
 203 Q   0.00000 0.98270 0.01730 ( 2)  1.027 +-  0.202
 204 H   0.99854 0.00146 0.00000 ( 1)  0.051 +-  0.036
 205 G   0.95716 0.04284 0.00000 ( 1)  0.091 +-  0.192
 206 E   0.99956 0.00044 0.00000 ( 1)  0.050 +-  0.020
 207 T   0.00005 0.99949 0.00046 ( 2)  1.001 +-  0.033
 208 L   0.98941 0.01059 0.00000 ( 1)  0.060 +-  0.097
 209 V   0.00000 0.89213 0.10787 ( 2)  1.176 +-  0.518
 210 W   0.98806 0.01194 0.00000 ( 1)  0.061 +-  0.103
 211 R   0.00000 0.98988 0.01012 ( 2)  1.015 +-  0.152
 212 F   0.99013 0.00987 0.00000 ( 1)  0.059 +-  0.094
 213 D   0.99939 0.00061 0.00000 ( 1)  0.051 +-  0.023
 214 P   0.00000 0.77345 0.22655 ( 2)  1.395 +-  0.757
 215 T   0.09653 0.90347 0.00001 ( 2)  0.908 +-  0.281
 216 L   0.98444 0.01555 0.00001 ( 1)  0.065 +-  0.118
 217 A   0.98981 0.01018 0.00000 ( 1)  0.060 +-  0.095
 218 Y   0.00000 0.14980 0.85020 ( 3)  2.712 +-  0.854
 219 D   0.00000 0.04497 0.95503 ( 3)  2.946 +-  0.645
 220 Y   0.98886 0.01113 0.00000 ( 1)  0.061 +-  0.100
 221 T   0.00000 0.00149 0.99851 ( 3)  3.047 +-  0.503
 222 A   0.98637 0.01362 0.00001 ( 1)  0.063 +-  0.110
 223 F   0.01078 0.98413 0.00509 ( 2)  0.998 +-  0.148
 224 N   0.00000 0.00001 0.99999 ( 3)  3.051 +-  0.497
 225 R   0.00000 0.00000 1.00000 ( 3)  3.051 +-  0.497
 226 F   0.00000 0.00067 0.99933 ( 3)  3.049 +-  0.500
 227 P   0.99926 0.00074 0.00000 ( 1)  0.051 +-  0.026
 228 E   0.99993 0.00007 0.00000 ( 1)  0.050 +-  0.008
 229 E   0.99999 0.00001 0.00000 ( 1)  0.050 +-  0.003
 230 F   0.98979 0.01020 0.00000 ( 1)  0.060 +-  0.096
 231 G   0.00000 0.99954 0.00046 ( 2)  1.001 +-  0.032
 232 H   0.00000 0.43881 0.56119 ( 3)  2.055 +-  1.002
 233 N   0.00000 0.99938 0.00062 ( 2)  1.001 +-  0.038
 234 S   0.99723 0.00277 0.00000 ( 1)  0.053 +-  0.050
 235 G   0.95035 0.04965 0.00000 ( 1)  0.097 +-  0.206
 236 L   0.81700 0.18286 0.00014 ( 1)  0.224 +-  0.368
 237 P   0.12118 0.87870 0.00011 ( 2)  0.885 +-  0.310
 238 E   0.99998 0.00002 0.00000 ( 1)  0.050 +-  0.004
 239 K   0.00000 0.92562 0.07438 ( 2)  1.115 +-  0.408
 240 E   0.99891 0.00109 0.00000 ( 1)  0.051 +-  0.031
 241 W   0.98806 0.01194 0.00000 ( 1)  0.061 +-  0.103
 242 K   0.61640 0.38360 0.00000 ( 1)  0.414 +-  0.462
 243 A   0.99980 0.00020 0.00000 ( 1)  0.050 +-  0.014
 244 R   0.00000 0.99960 0.00040 ( 2)  1.001 +-  0.030
 245 L   0.98283 0.01716 0.00001 ( 1)  0.066 +-  0.124
 246 K   0.99999 0.00001 0.00000 ( 1)  0.050 +-  0.002
 247 A   0.99991 0.00009 0.00000 ( 1)  0.050 +-  0.009
 248 R   0.99996 0.00004 0.00000 ( 1)  0.050 +-  0.006
 249 G   0.99995 0.00005 0.00000 ( 1)  0.050 +-  0.007
 250 I   0.99998 0.00002 0.00000 ( 1)  0.050 +-  0.004
 251 P   0.99882 0.00118 0.00000 ( 1)  0.051 +-  0.033
 252 C   0.00000 0.16688 0.83312 ( 3)  2.675 +-  0.878

Positively selected sites

	Prob(w>1)  mean w

     9 R      0.965*        2.974 +- 0.616
    31 R      1.000**       3.050 +- 0.498
    32 C      0.922         2.877 +- 0.727
    33 N      1.000**       3.051 +- 0.498
    40 L      0.932         2.903 +- 0.703
    42 S      0.919         2.874 +- 0.734
    72 T      0.890         2.803 +- 0.790
    75 T      0.925         2.875 +- 0.718
    77 R      0.605         2.125 +- 0.983
    81 L      0.992**       3.033 +- 0.529
   101 P      0.994**       3.039 +- 0.521
   110 P      0.812         2.606 +- 0.896
   122 F      0.742         2.467 +- 0.966
   165 T      0.836         2.654 +- 0.864
   170 F      1.000**       3.050 +- 0.499
   182 V      1.000**       3.050 +- 0.498
   186 D      0.985*        3.016 +- 0.555
   199 R      0.940         2.910 +- 0.683
   218 Y      0.850         2.712 +- 0.854
   219 D      0.955*        2.946 +- 0.645
   221 T      0.999**       3.047 +- 0.503
   224 N      1.000**       3.051 +- 0.497
   225 R      1.000**       3.051 +- 0.497
   226 F      0.999**       3.049 +- 0.500
   232 H      0.561         2.055 +- 1.002
   252 C      0.833         2.675 +- 0.878

