

TREE # 1

  0  0.0000   9327.481105  x:  1.66167   0.51894   0.18508   5.13775  
  1 99.0000   9295.359899  x:  1.66637   0.52727   0.06192   5.12843  
  2 402.0694   9262.940222  x:  1.59157   1.45863   0.02597   4.48907  
  3 51.8509   9251.210228  x:  2.03808   1.67815   0.04248   3.89222  
  4 51.5332   9241.952761  x:  1.64859   1.35810   0.04730   2.92757  
  5 13.8003   9241.527353  x:  1.64128   1.39423   0.05246   3.01964  
  6  0.3781   9241.347222  x:  1.55321   1.27342   0.05270   2.97870  
  7  0.2054   9241.336283  x:  1.55546   1.26345   0.05262   3.00051  
  8  0.0316   9241.335893  x:  1.55680   1.26224   0.05278   2.99774  
  9  0.0029   9241.335890  x:  1.55659   1.26195   0.05280   2.99773  
 10  0.0003   9241.335890  x:  1.55661   1.26199   0.05280   2.99776  
 11  0.0001   9241.335890  x:  1.55661   1.26199   0.05280   2.99776  