

TREE # 1

  0  0.0000  13730.033339  x:  0.50978   0.11652   1.47524   0.22850   0.05977   0.28240   0.00000   0.02039   0.03310   0.01869   0.04216   0.12730   0.10672   0.14189   0.04183   0.08490   0.27155   0.29621   0.18945   0.16368   0.20345   0.44616   0.52964   0.52689   0.48831   0.59357  
  1 99.0000  13629.383083  x:  0.51790   0.13258   1.47570   0.23534   0.07289   0.28637   0.30887   0.01850   0.01388   0.01705   0.03011   0.12277   0.12212   0.16132   0.04810   0.07959   0.26986   0.30201   0.20385   0.17703   0.20937   0.53532   0.50023   0.52592   0.48365   0.58911  
  2 5776.8421  13226.031969  x:  0.55357   0.20230   1.47655   0.26547   0.11228   0.28386   0.28323   0.02063   0.00847   0.04481   0.00000   0.02621   0.17332   0.23172   0.05785   0.05730   0.26098   0.32563   0.26808   0.23273   0.23337   0.90803   0.34359   0.52214   0.46020   0.56527  
  3 1578.2509  13154.340775  x:  0.56331   0.22137   1.47678   0.27371   0.12301   0.28319   0.27649   0.02171   0.00723   0.05213   0.00542   0.00000   0.18730   0.25094   0.06050   0.05127   0.25853   0.33208   0.28564   0.24793   0.23991   1.01003   0.30058   0.52111   0.45377   0.55872  
  4 118572.6794  13036.959441  x:  0.58726   0.26930   1.47769   0.29408   0.14642   0.28495   0.25396   0.02858   0.03239   0.04973   0.01451   0.08389   0.21998   0.29704   0.06496   0.04340   0.24994   0.34841   0.33015   0.28373   0.25407   1.27468   0.17985   0.51927   0.43625   0.53993  
  5 5735.8712  13013.518290  x:  0.58734   0.27307   1.48062   0.29571   0.14239   0.28556   0.24939   0.02059   0.00873   0.01891   0.01551   0.09124   0.21966   0.29867   0.06272   0.05875   0.24374   0.35063   0.33412   0.28113   0.25026   1.31032   0.18813   0.52097   0.43356   0.53493  
  6 786.0533  13008.841883  x:  0.58611   0.27340   1.48280   0.29580   0.13804   0.28581   0.24902   0.02006   0.01622   0.01044   0.01551   0.09047   0.21767   0.29740   0.05997   0.06512   0.23964   0.35140   0.33487   0.27739   0.24672   1.32455   0.19871   0.52243   0.43238   0.53195  
  7 633.5590  12995.998687  x:  0.57863   0.27213   1.49321   0.29480   0.11501   0.28711   0.24711   0.02128   0.01946   0.02432   0.01645   0.09707   0.20575   0.28808   0.04616   0.09125   0.22055   0.35399   0.33614   0.25724   0.22884   1.38104   0.24748   0.52981   0.42731   0.51794  
  8 959.1100  12988.409933  x:  0.56440   0.26018   1.50364   0.28686   0.08238   0.28703   0.24677   0.03551   0.01512   0.02022   0.01601   0.09772   0.18402   0.26574   0.04077   0.07068   0.20858   0.35195   0.33056   0.23152   0.21040   1.41443   0.25336   0.54052   0.42284   0.50004  
  9 311.2889  12985.077085  x:  0.55544   0.25217   1.51007   0.28186   0.06740   0.28807   0.24676   0.02173   0.01654   0.02134   0.01648   0.09783   0.17306   0.25294   0.04947   0.06440   0.20618   0.35147   0.32706   0.21937   0.20311   1.42886   0.25225   0.54763   0.42076   0.48812  
 10 401.8730  12983.103810  x:  0.54087   0.23913   1.52236   0.27507   0.06769   0.29380   0.24677   0.02822   0.01703   0.02161   0.01615   0.09657   0.16703   0.23854   0.05925   0.07539   0.21745   0.35563   0.32291   0.21433   0.20594   1.43820   0.24791   0.56182   0.41951   0.46341  
 11 127.8079  12979.714682  x:  0.51517   0.21812   1.54850   0.26377   0.07649   0.30538   0.24666   0.02317   0.01750   0.02185   0.01630   0.09603   0.16187   0.21759   0.04376   0.07746   0.24029   0.36506   0.31682   0.21156   0.21577   1.45207   0.24609   0.59110   0.41822   0.40983  
 12 288.8573  12975.609289  x:  0.49471   0.21315   1.59419   0.25363   0.08245   0.31459   0.24522   0.02494   0.01532   0.02096   0.01667   0.09925   0.16526   0.21674   0.05692   0.05720   0.25838   0.37367   0.31457   0.21794   0.22682   1.46226   0.26609   0.63821   0.41912   0.30967  
 13 198.1114  12969.098233  x:  0.48384   0.22358   1.65494   0.24232   0.06972   0.31409   0.24545   0.02489   0.01573   0.02114   0.01659   0.09859   0.16405   0.22342   0.05409   0.06105   0.26715   0.37350   0.31393   0.22175   0.22789   1.46041   0.26131   0.70029   0.42099   0.16187  
 14 383.2127  12968.709365  x:  0.48939   0.22751   1.66547   0.24755   0.07741   0.31254   0.24542   0.02479   0.01568   0.02108   0.01660   0.09862   0.16525   0.21638   0.05476   0.06027   0.27028   0.37315   0.31891   0.21595   0.21941   1.45971   0.26068   0.70885   0.42071   0.15333  
 15 41.9328  12968.281778  x:  0.49956   0.22626   1.69409   0.25615   0.07051   0.30824   0.24544   0.02483   0.01567   0.02108   0.01661   0.09883   0.16532   0.21332   0.05409   0.06075   0.28060   0.36726   0.32550   0.21997   0.21854   1.46026   0.26035   0.73015   0.42024   0.15982  
 16 24.5291  12967.627174  x:  0.51219   0.21388   1.74897   0.25796   0.07803   0.30597   0.24512   0.02450   0.01588   0.02103   0.01659   0.09852   0.16550   0.22396   0.05379   0.06246   0.26594   0.36514   0.32085   0.21682   0.21685   1.46028   0.25351   0.76774   0.41756   0.17673  
 17 37.5802  12967.478978  x:  0.51578   0.21794   1.76044   0.25628   0.07733   0.30883   0.24504   0.02452   0.01591   0.02100   0.01658   0.09834   0.16785   0.21773   0.05389   0.06274   0.25992   0.36862   0.31729   0.21975   0.21961   1.46036   0.25219   0.77111   0.41898   0.17987  
 18 17.7361  12967.057849  x:  0.51308   0.22983   1.78647   0.25383   0.07302   0.31658   0.24452   0.02448   0.01596   0.02095   0.01657   0.09802   0.16911   0.22303   0.05325   0.06326   0.26628   0.38307   0.30930   0.21496   0.21443   1.46203   0.24898   0.76016   0.42924   0.18554  
 19 10.9325  12965.581494  x:  0.48866   0.23879   1.86197   0.27401   0.07605   0.31015   0.24315   0.02420   0.01599   0.02076   0.01657   0.09791   0.15390   0.22483   0.05335   0.06430   0.25847   0.39655   0.31189   0.22260   0.21333   1.46982   0.24201   0.70161   0.46507   0.18835  
 20 32.7505  12964.027194  x:  0.47469   0.23406   1.92787   0.28492   0.07412   0.30509   0.24124   0.02400   0.01598   0.02058   0.01661   0.09798   0.18057   0.22290   0.05327   0.06548   0.25606   0.37902   0.30278   0.21644   0.21378   1.48212   0.23696   0.63930   0.48782   0.18587  
 21 74.0403  12962.201338  x:  0.49926   0.23230   1.97441   0.27995   0.08519   0.30684   0.23904   0.02373   0.01573   0.02045   0.01669   0.09830   0.16525   0.22335   0.05357   0.06474   0.26667   0.35216   0.27848   0.21542   0.22201   1.50107   0.23890   0.58235   0.48813   0.17798  
 22 47.7959  12957.009267  x:  0.56401   0.17523   2.00400   0.29180   0.06980   0.33665   0.23303   0.02362   0.01535   0.02002   0.01667   0.09714   0.16857   0.22983   0.05399   0.06451   0.26585   0.38909   0.29633   0.23682   0.20761   1.53212   0.23614   0.50933   0.43944   0.15412  
 23 26.8757  12941.661928  x:  0.59231   0.19952   1.97614   0.24634   0.06171   0.26123   0.21626   0.02170   0.01429   0.01915   0.01688   0.09857   0.18069   0.24056   0.05353   0.06636   0.26894   0.44441   0.37883   0.18412   0.28309   1.63132   0.23629   0.48440   0.34695   0.15104  
 24 34.9739  12902.803634  x:  0.53289   0.30724   1.82293   0.09970   0.08982   0.27367   0.17069   0.01696   0.01243   0.01710   0.01732   0.09664   0.19559   0.27007   0.05089   0.07797   0.25922   0.37231   0.53073   0.27887   0.20255   1.90088   0.22991   0.55213   0.27034   0.18349  
 25 117.6488  12885.783869  x:  0.57005   0.32248   1.68960   0.14785   0.08812   0.34484   0.14691   0.01528   0.01144   0.01581   0.01746   0.09405   0.19420   0.29505   0.04924   0.08281   0.24148   0.33637   0.55818   0.25016   0.23737   2.05046   0.22230   0.63248   0.40008   0.18124  
 26 145.9391  12875.880238  x:  0.57901   0.32300   1.60133   0.24402   0.09125   0.26883   0.13591   0.01371   0.01085   0.01522   0.01769   0.09573   0.21176   0.29637   0.04948   0.08489   0.25031   0.36580   0.42796   0.28710   0.20749   2.13838   0.22120   0.69120   0.44878   0.17526  
 27 95.5494  12875.147761  x:  0.56364   0.33685   1.59682   0.27982   0.09000   0.28403   0.13494   0.01373   0.01089   0.01517   0.01765   0.09504   0.20938   0.29934   0.04927   0.08526   0.24771   0.35990   0.41087   0.28333   0.21377   2.14155   0.21896   0.69647   0.42424   0.17569  
 28 27.4548  12846.382850  x:  0.60481   0.29159   1.76100   0.29511   0.09101   0.30064   0.05712   0.03789   0.01779   0.01941   0.01719   0.08935   0.20776   0.28986   0.05263   0.06382   0.25297   0.37937   0.40072   0.26656   0.22170   2.54333   0.25470   0.76806   0.44853   0.21088  
 29  0.3284  12840.844224  x:  0.55485   0.28458   1.87085   0.27136   0.08459   0.30428   0.03687   0.02526   0.01539   0.01931   0.01745   0.08540   0.19724   0.27229   0.05521   0.06492   0.25393   0.38129   0.40102   0.25063   0.22137   2.60602   0.25495   0.75196   0.45362   0.20472  
 30  0.1237  12839.629591  x:  0.53909   0.27954   1.84634   0.26323   0.08173   0.30316   0.04730   0.02019   0.01476   0.01947   0.01734   0.08322   0.19272   0.26446   0.05467   0.06539   0.25597   0.38224   0.39537   0.24574   0.22240   2.53540   0.25325   0.74064   0.44849   0.19716  
 31  0.1147  12838.683678  x:  0.53993   0.27862   1.74179   0.26557   0.08104   0.29862   0.04703   0.02298   0.01454   0.01954   0.01655   0.07561   0.19333   0.26336   0.05212   0.06441   0.25871   0.38174   0.38767   0.24847   0.22457   2.47306   0.25188   0.73958   0.44278   0.18729  
 32  0.0615  12837.945927  x:  0.54647   0.27608   1.77782   0.26284   0.08288   0.29983   0.04383   0.02134   0.01360   0.01959   0.01619   0.06850   0.19461   0.26415   0.05331   0.06543   0.25980   0.37797   0.39354   0.25204   0.22395   2.40058   0.25349   0.73679   0.43579   0.18527  
 33  0.0436  12837.825426  x:  0.54398   0.27959   1.78683   0.26522   0.08368   0.29761   0.04497   0.02260   0.01427   0.01969   0.01632   0.06866   0.19408   0.26437   0.05392   0.06509   0.25670   0.37825   0.39233   0.25034   0.22103   2.38358   0.25401   0.73095   0.43983   0.19458  
 34  0.0198  12837.707787  x:  0.54838   0.27706   1.77712   0.26780   0.08056   0.29603   0.04338   0.02179   0.01464   0.01953   0.01701   0.07030   0.19245   0.26573   0.05353   0.06558   0.25405   0.38076   0.38754   0.24490   0.22325   2.37453   0.25610   0.74358   0.44458   0.19320  
 35  0.0081  12837.520291  x:  0.53964   0.28309   1.77652   0.26730   0.08065   0.29809   0.04173   0.02197   0.01466   0.01901   0.01832   0.07238   0.19237   0.26562   0.05250   0.06600   0.25679   0.37626   0.38710   0.24786   0.22070   2.34689   0.25141   0.73801   0.45049   0.18864  
 36  0.0100  12837.412416  x:  0.54646   0.27672   1.76798   0.26822   0.08314   0.30099   0.04136   0.02193   0.01439   0.01909   0.01930   0.07424   0.19310   0.26301   0.05398   0.06506   0.25793   0.37884   0.38829   0.24857   0.22294   2.34246   0.25206   0.73301   0.44562   0.19336  
 37  0.0094  12837.299009  x:  0.54787   0.27303   1.79339   0.26709   0.08276   0.29728   0.04165   0.02210   0.01496   0.01987   0.02037   0.07413   0.19393   0.26353   0.05410   0.06463   0.25532   0.37927   0.38622   0.25054   0.22360   2.34447   0.25030   0.73403   0.43747   0.18872  
 38  0.0102  12837.114890  x:  0.53911   0.27931   1.77086   0.26225   0.08248   0.29409   0.04146   0.02152   0.01423   0.02005   0.02208   0.07183   0.19326   0.26398   0.05332   0.06556   0.25470   0.37805   0.39242   0.24948   0.22060   2.35405   0.25440   0.72381   0.42866   0.19211  
 39  0.0128  12836.983940  x:  0.54865   0.27785   1.77311   0.25920   0.08120   0.29718   0.04398   0.02211   0.01442   0.01948   0.02326   0.06909   0.19313   0.26551   0.05296   0.06593   0.25798   0.37948   0.39617   0.24839   0.22127   2.36084   0.25353   0.73350   0.43251   0.19027  
 40  0.0092  12836.941834  x:  0.54572   0.27895   1.77855   0.26470   0.08243   0.29695   0.04375   0.02158   0.01474   0.01923   0.02381   0.06824   0.19333   0.26442   0.05360   0.06514   0.25753   0.37912   0.38985   0.24894   0.22191   2.37156   0.25301   0.73454   0.44052   0.19224  
 41  0.0121  12836.938154  x:  0.54491   0.27858   1.77887   0.26581   0.08242   0.29714   0.04398   0.02171   0.01454   0.01918   0.02389   0.06826   0.19332   0.26430   0.05357   0.06529   0.25684   0.37857   0.38971   0.24882   0.22235   2.37070   0.25332   0.73525   0.44121   0.19145  
 42  0.0024  12836.937780  x:  0.54487   0.27829   1.77823   0.26590   0.08239   0.29728   0.04396   0.02170   0.01457   0.01926   0.02390   0.06818   0.19331   0.26426   0.05353   0.06531   0.25681   0.37859   0.39015   0.24874   0.22235   2.37035   0.25327   0.73508   0.44149   0.19134  
 43  0.0009  12836.937746  x:  0.54495   0.27825   1.77841   0.26603   0.08238   0.29724   0.04396   0.02170   0.01456   0.01928   0.02389   0.06820   0.19332   0.26429   0.05352   0.06532   0.25686   0.37865   0.39002   0.24878   0.22228   2.37059   0.25326   0.73507   0.44168   0.19136  
 44  0.0003  12836.937744  x:  0.54494   0.27828   1.77843   0.26604   0.08238   0.29724   0.04397   0.02170   0.01455   0.01928   0.02389   0.06820   0.19331   0.26430   0.05352   0.06531   0.25686   0.37865   0.39001   0.24876   0.22230   2.37055   0.25325   0.73505   0.44168   0.19136  
 45  0.0001  12836.937744  x:  0.54495   0.27828   1.77842   0.26603   0.08238   0.29724   0.04397   0.02170   0.01455   0.01928   0.02389   0.06820   0.19331   0.26430   0.05352   0.06531   0.25685   0.37864   0.39001   0.24876   0.22230   2.37056   0.25325   0.73506   0.44169   0.19136  
 46  0.0000  12836.937744  x:  0.54495   0.27828   1.77842   0.26603   0.08238   0.29724   0.04397   0.02170   0.01455   0.01928   0.02389   0.06820   0.19331   0.26430   0.05352   0.06531   0.25685   0.37864   0.39001   0.24876   0.22230   2.37056   0.25325   0.73506   0.44169   0.19136  
 47  0.0000  12836.937744  x:  0.54495   0.27828   1.77842   0.26603   0.08238   0.29724   0.04397   0.02170   0.01455   0.01928   0.02389   0.06820   0.19331   0.26430   0.05352   0.06531   0.25685   0.37864   0.39001   0.24876   0.22230   2.37056   0.25325   0.73506   0.44169   0.19136  