

TREE # 1

  0  0.0000  12958.998970  x:  0.49658   0.11730   1.44184   0.23366   0.04913   0.27104   0.00000   0.02959   0.03299   0.03129   0.03297   0.12332   0.12092   0.14054   0.03215   0.08607   0.27087   0.27921   0.19404   0.16541   0.19827   1.00000   1.01239   0.11550   0.26652   2.45504  
  1 99.0000  12862.031052  x:  0.50799   0.13710   1.44410   0.24380   0.06734   0.27858   0.22395   0.01650   0.00855   0.01253   0.02378   0.11847   0.13627   0.16572   0.04956   0.08083   0.27010   0.29032   0.21228   0.18221   0.20703   1.02970   1.01758   0.11144   0.18997   2.45461  
  2 3531.2039  12765.915014  x:  0.52369   0.16505   1.44897   0.25814   0.08385   0.28319   0.23106   0.02486   0.04348   0.04461   0.02627   0.08788   0.15220   0.19311   0.05405   0.07349   0.26980   0.30514   0.23761   0.20381   0.21877   1.07117   1.02404   0.10653   0.08420   2.45395  
  3 1488.8836  12723.476037  x:  0.53843   0.19365   1.45586   0.27180   0.09429   0.28679   0.21675   0.01509   0.01335   0.02031   0.01869   0.05306   0.16400   0.21543   0.05295   0.06589   0.26793   0.31838   0.26233   0.22228   0.22830   1.11433   1.02706   0.10459   0.05111   2.45333  
  4 1121.2762  12683.308604  x:  0.56001   0.23574   1.46620   0.29072   0.10794   0.29138   0.21580   0.02953   0.01035   0.01514   0.02453   0.00652   0.17940   0.24675   0.05261   0.05540   0.26297   0.33639   0.29822   0.24757   0.24022   1.18234   1.02950   0.10346   0.06803   2.45251  
  5 1363.4618  12640.752778  x:  0.59409   0.30097   1.48505   0.31952   0.12474   0.30337   0.20767   0.01077   0.01611   0.01815   0.00900   0.02893   0.20051   0.29119   0.05419   0.05178   0.25473   0.36394   0.35516   0.28414   0.25652   1.29717   1.03276   0.10199   0.09477   2.45126  
  6 1388.9598  12621.643069  x:  0.61442   0.33904   1.49792   0.33580   0.13139   0.31141   0.20111   0.01753   0.00668   0.01512   0.03073   0.05714   0.21113   0.31490   0.05667   0.05675   0.24974   0.37963   0.38921   0.30378   0.26462   1.37031   1.03417   0.10152   0.10336   2.45057  
  7 2743.7160  12619.889649  x:  0.61582   0.34132   1.50002   0.33630   0.12937   0.31195   0.20084   0.01860   0.00993   0.01020   0.03124   0.05829   0.21046   0.31472   0.05710   0.05998   0.24931   0.38015   0.39170   0.30365   0.26403   1.37868   1.03352   0.10212   0.10320   2.45058  
  8 533.2552  12601.385869  x:  0.63030   0.36040   1.53702   0.33349   0.07765   0.31687   0.20194   0.03035   0.00568   0.01275   0.01717   0.05331   0.18631   0.29037   0.06219   0.12160   0.24387   0.37845   0.41929   0.28360   0.24338   1.50813   1.01689   0.11669   0.09908   2.45135  
  9 651.6500  12591.999832  x:  0.63523   0.36521   1.55759   0.32933   0.05096   0.31966   0.20423   0.01302   0.00855   0.01551   0.02981   0.04649   0.17338   0.27403   0.05324   0.13281   0.24286   0.37683   0.43054   0.27052   0.23192   1.57329   1.00631   0.12575   0.09749   2.45199  
 10 1001.7703  12581.042285  x:  0.63700   0.36141   1.58803   0.31854   0.02486   0.32464   0.20685   0.02046   0.00824   0.01426   0.02562   0.05010   0.15908   0.24836   0.02721   0.10874   0.24570   0.37552   0.44046   0.25024   0.21722   1.65985   0.98900   0.14011   0.09137   2.45336  
 11 667.4642  12570.418287  x:  0.63151   0.34081   1.63076   0.29711   0.01784   0.33065   0.20501   0.02230   0.00766   0.01255   0.02455   0.05160   0.14750   0.21513   0.05953   0.06852   0.25383   0.37583   0.44505   0.22263   0.20163   1.76803   0.96331   0.16058   0.08659   2.45587  
 12 590.1248  12559.397126  x:  0.60443   0.27400   1.70109   0.25049   0.08044   0.33408   0.20352   0.01966   0.00684   0.01177   0.02521   0.04861   0.15701   0.19013   0.04962   0.07548   0.27064   0.38012   0.43200   0.20197   0.20557   1.90683   0.91969   0.19321   0.08434   2.46101  
 13 311.7918  12553.168959  x:  0.58015   0.22102   1.75918   0.21339   0.06833   0.32605   0.20251   0.01929   0.00638   0.01116   0.02520   0.04929   0.16170   0.21993   0.05107   0.07332   0.27995   0.36329   0.41286   0.22574   0.23568   1.97870   0.88522   0.21810   0.08304   2.46485  
 14 216.9276  12549.104913  x:  0.57308   0.23232   1.90831   0.21279   0.07483   0.30775   0.20276   0.02085   0.00727   0.01222   0.02541   0.05196   0.17882   0.23411   0.05273   0.07166   0.23694   0.35982   0.40503   0.23672   0.21560   1.97392   0.81633   0.26534   0.07873   2.46914  
 15 54.3831  12544.437835  x:  0.57939   0.25245   2.13721   0.23659   0.07910   0.32094   0.20474   0.02423   0.00951   0.01517   0.02553   0.05323   0.17074   0.23026   0.05521   0.07644   0.29366   0.37156   0.41597   0.24914   0.23383   1.94513   0.73249   0.31445   0.07761   2.47473  
 16 121.9548  12543.358022  x:  0.59410   0.23236   2.20156   0.24180   0.07239   0.34998   0.20458   0.02499   0.00999   0.01581   0.02523   0.05160   0.17515   0.23935   0.05556   0.07726   0.28436   0.38624   0.42389   0.23326   0.24421   1.93731   0.73278   0.30035   0.07888   2.47584  
 17 44.1659  12542.581106  x:  0.61931   0.21593   2.25598   0.23628   0.07536   0.34407   0.20500   0.02520   0.01019   0.01602   0.02505   0.05123   0.16347   0.23033   0.05572   0.07571   0.27553   0.38974   0.42723   0.24483   0.24773   1.93520   0.75014   0.26686   0.08009   2.47599  
 18 35.8553  12541.968809  x:  0.63951   0.20861   2.30010   0.22576   0.07564   0.33259   0.20494   0.02512   0.01022   0.01603   0.02499   0.05130   0.17096   0.23602   0.05528   0.07510   0.28427   0.38339   0.42669   0.24207   0.23501   1.93530   0.76827   0.23254   0.08165   2.47575  
 19 57.0927  12541.715775  x:  0.62826   0.21805   2.31316   0.21981   0.07643   0.33332   0.20490   0.02525   0.01033   0.01616   0.02491   0.05108   0.17703   0.23033   0.05536   0.07456   0.28173   0.37077   0.42961   0.23855   0.24338   1.93735   0.77285   0.21213   0.08200   2.47508  
 20 11.4605  12541.358700  x:  0.60256   0.22695   2.32433   0.21460   0.08032   0.33300   0.20468   0.02537   0.01047   0.01629   0.02484   0.05097   0.16461   0.23786   0.05502   0.07361   0.28025   0.36835   0.43711   0.23445   0.24095   1.94094   0.77268   0.18337   0.08221   2.47354  
 21 19.7746  12540.853667  x:  0.57760   0.22973   2.32741   0.20919   0.07367   0.33537   0.20437   0.02561   0.01073   0.01664   0.02475   0.05059   0.17296   0.23239   0.05522   0.07417   0.28220   0.38383   0.44509   0.24703   0.23088   1.94620   0.75889   0.14856   0.08288   2.46960  
 22 18.5343  12535.607370  x:  0.59873   0.26890   2.26113   0.14633   0.06428   0.30504   0.19942   0.02729   0.01249   0.01876   0.02477   0.05287   0.17947   0.24226   0.05634   0.07265   0.27752   0.44359   0.47036   0.22989   0.26244   2.00433   0.48507  -0.11689   0.08202   2.40845  
 23 21.0842  12526.310114  x:  0.65014   0.26247   2.12890   0.14730   0.08127   0.33051   0.18805   0.03042   0.01534   0.02206   0.02441   0.05307   0.18511   0.26090   0.05791   0.06762   0.27086   0.38755   0.56780   0.26226   0.23960   2.11786  -0.01768  -0.58092   0.08064   2.29142  
 24 202.5310  12523.347355  x:  0.64231   0.27292   2.10815   0.27249   0.08111   0.32344   0.18471   0.03104   0.01619   0.02302   0.02418   0.05285   0.18750   0.26703   0.05814   0.06460   0.26774   0.39370   0.44347   0.26083   0.24802   2.19328  -0.06340  -0.66086   0.08069   2.20596  
 25 21.0072  12522.078887  x:  0.64874   0.29097   2.10451   0.25515   0.08598   0.35568   0.18250   0.03133   0.01653   0.02343   0.02400   0.05135   0.17984   0.27150   0.05809   0.06428   0.26682   0.39179   0.41743   0.27625   0.23789   2.21272  -0.02867  -0.62638   0.08083   2.13957  
 26 14.6334  12509.672701  x:  0.62929   0.28274   2.08075   0.22876   0.09102   0.33116   0.16659   0.03374   0.01978   0.02718   0.02382   0.05341   0.19755   0.29235   0.06008   0.05803   0.25846   0.40010   0.52106   0.28479   0.24919   2.36756   0.41611  -0.15029   0.08327   1.45139  
 27 62.0502  12492.389499  x:  0.69540   0.35776   2.30431   0.20577   0.07976   0.34059   0.12730   0.02506   0.01706   0.02332   0.02637   0.05269   0.21082   0.32774   0.05749   0.06530   0.25010   0.43628   0.63145   0.31726   0.25545   2.59630   1.25586   0.76095   0.08392   3.54083  
 28  5.5686  12483.002099  x:  0.69098   0.37930   2.64506   0.21116   0.06818   0.34397   0.09963   0.01535   0.01188   0.01649   0.02720   0.04842   0.21037   0.32939   0.05363   0.07441   0.25732   0.44537   0.66717   0.31926   0.25517   2.70409   0.65532   0.18862   0.07736   2.82578  
 29  1.9482  12475.562653  x:  0.67918   0.35945   2.66340   0.20083   0.07136   0.32779   0.06259   0.02461   0.01539   0.02019   0.02174   0.05296   0.20628   0.31804   0.05631   0.07620   0.26409   0.42101   0.66677   0.30422   0.24799   2.88863   0.41008  -0.05137   0.06665   2.65158  
 30  0.3846  12472.897234  x:  0.67376   0.33388   2.59356   0.18776   0.06855   0.31954   0.05081   0.02391   0.01516   0.01982   0.02397   0.06341   0.19784   0.29486   0.05408   0.06126   0.26453   0.41536   0.63915   0.28596   0.24295   2.86630   0.64547   0.14231   0.06720   2.86778  
 31  0.2667  12471.951305  x:  0.66896   0.31933   2.53894   0.18938   0.06541   0.32197   0.05109   0.02310   0.01476   0.01950   0.02497   0.06732   0.19125   0.28218   0.05370   0.07219   0.26015   0.41460   0.61171   0.27756   0.24284   2.78947   0.66426   0.13164   0.07043   2.75561  
 32  0.1383  12471.599203  x:  0.66612   0.32254   2.53763   0.19360   0.06344   0.32694   0.04612   0.02219   0.01398   0.01865   0.02470   0.06880   0.19158   0.28298   0.05292   0.06984   0.25969   0.41886   0.60661   0.27971   0.24419   2.73604   0.58442   0.04914   0.07160   2.59808  
 33  0.1576  12471.466310  x:  0.66305   0.32290   2.50448   0.19814   0.06516   0.32460   0.04818   0.02233   0.01439   0.01936   0.02413   0.06824   0.19361   0.28741   0.05317   0.06887   0.26033   0.41570   0.60256   0.28301   0.24394   2.68848   0.60695   0.07244   0.07246   2.58857  
 34  0.0496  12471.444112  x:  0.66199   0.32264   2.49991   0.19768   0.06555   0.32293   0.04650   0.02228   0.01461   0.01962   0.02399   0.06798   0.19375   0.28813   0.05332   0.06944   0.26007   0.41422   0.60305   0.28317   0.24351   2.68765   0.61723   0.08181   0.07214   2.60027  
 35  0.0264  12471.440542  x:  0.66113   0.32195   2.50347   0.19617   0.06550   0.32270   0.04671   0.02224   0.01472   0.01967   0.02403   0.06766   0.19332   0.28749   0.05329   0.06930   0.25991   0.41430   0.60323   0.28252   0.24345   2.68417   0.61230   0.07625   0.07181   2.59849  
 36  0.0069  12471.439981  x:  0.66167   0.32231   2.50665   0.19602   0.06538   0.32281   0.04675   0.02222   0.01477   0.01963   0.02407   0.06750   0.19345   0.28759   0.05330   0.06939   0.25999   0.41473   0.60386   0.28266   0.24356   2.68374   0.61334   0.07810   0.07184   2.60339  
 37  0.0040  12471.439896  x:  0.66171   0.32226   2.50636   0.19620   0.06538   0.32273   0.04672   0.02224   0.01480   0.01961   0.02408   0.06754   0.19342   0.28748   0.05329   0.06936   0.26002   0.41458   0.60358   0.28260   0.24352   2.68352   0.61346   0.07810   0.07187   2.60392  
 38  0.0005  12471.439884  x:  0.66165   0.32234   2.50603   0.19622   0.06539   0.32277   0.04673   0.02224   0.01481   0.01960   0.02409   0.06753   0.19341   0.28751   0.05328   0.06937   0.25998   0.41456   0.60355   0.28262   0.24351   2.68365   0.61339   0.07798   0.07187   2.60375  
 39  0.0003  12471.439884  x:  0.66165   0.32233   2.50597   0.19622   0.06538   0.32275   0.04673   0.02224   0.01481   0.01960   0.02409   0.06753   0.19342   0.28751   0.05328   0.06936   0.25999   0.41458   0.60355   0.28261   0.24351   2.68362   0.61337   0.07796   0.07187   2.60354  
 40  0.0002  12471.439883  x:  0.66165   0.32232   2.50598   0.19621   0.06538   0.32275   0.04673   0.02224   0.01482   0.01960   0.02409   0.06753   0.19342   0.28751   0.05328   0.06936   0.25999   0.41457   0.60356   0.28261   0.24351   2.68364   0.61338   0.07798   0.07187   2.60351  
 41  0.0000  12471.439883  x:  0.66165   0.32232   2.50599   0.19621   0.06538   0.32275   0.04673   0.02224   0.01482   0.01960   0.02409   0.06753   0.19342   0.28751   0.05328   0.06936   0.25999   0.41457   0.60356   0.28262   0.24351   2.68364   0.61337   0.07797   0.07187   2.60350  
 42  0.0000  12471.439883  x:  0.66165   0.32232   2.50600   0.19621   0.06538   0.32275   0.04673   0.02224   0.01482   0.01960   0.02409   0.06753   0.19342   0.28751   0.05328   0.06936   0.25999   0.41457   0.60356   0.28262   0.24351   2.68364   0.61337   0.07797   0.07187   2.60350  
 43  0.0000  12471.439883  x:  0.66165   0.32232   2.50600   0.19621   0.06538   0.32275   0.04673   0.02224   0.01482   0.01960   0.02409   0.06753   0.19342   0.28751   0.05328   0.06936   0.25999   0.41457   0.60356   0.28262   0.24351   2.68364   0.61338   0.07797   0.07187   2.60351  
 44  0.0000  12471.439883  x:  0.66165   0.32232   2.50600   0.19621   0.06538   0.32275   0.04673   0.02224   0.01482   0.01960   0.02409   0.06753   0.19342   0.28751   0.05328   0.06936   0.25999   0.41457   0.60356   0.28262   0.24351   2.68364   0.61338   0.07797   0.07187   2.60351  
 45  0.0000  12471.439883  x:  0.66165   0.32232   2.50600   0.19621   0.06538   0.32275   0.04673   0.02224   0.01482   0.01960   0.02409   0.06753   0.19342   0.28751   0.05328   0.06936   0.25999   0.41457   0.60356   0.28262   0.24351   2.68364   0.61337   0.07797   0.07187   2.60351  
 46  0.0000  12471.439883  x:  0.66165   0.32232   2.50599   0.19621   0.06538   0.32275   0.04673   0.02224   0.01482   0.01960   0.02409   0.06753   0.19342   0.28751   0.05328   0.06936   0.25999   0.41457   0.60356   0.28262   0.24351   2.68364   0.61337   0.07797   0.07187   2.60351  
 47  0.0000  12471.439883  x:  0.66165   0.32232   2.50599   0.19621   0.06538   0.32275   0.04673   0.02224   0.01482   0.01960   0.02409   0.06753   0.19342   0.28751   0.05328   0.06936   0.25999   0.41457   0.60356   0.28262   0.24351   2.68364   0.61337   0.07797   0.07187   2.60351  48  0.0000  12471.439883  x:  0.66165   0.32232   2.50599   0.19621   0.06538   0.32275   0.04673   0.02224   0.01482   0.01960   0.02409   0.06753   0.19342   0.28751   0.05328   0.06936   0.25999   0.41457   0.60356   0.28262   0.24351   2.68364   0.61337   0.07797   0.07187   2.60351  
 49  0.0000  12471.439883  x:  0.66165   0.32232   2.50599   0.19621   0.06538   0.32275   0.04673   0.02224   0.01482   0.01960   0.02409   0.06753   0.19342   0.28751   0.05328   0.06936   0.25999   0.41457   0.60356   0.28262   0.24351   2.68364   0.61338   0.07797   0.07187   2.60351  