Supplemental results for CODEML (seqf: alinhamento_PAL2NAL_semgaps.phy  treef: Mx_arvore.tre)


MLEs of dN/dS (w) for site classes (K=2)

p:   0.61571  0.38429
w:   0.10188  1.00000

Naive Empirical Bayes (NEB) probabilities for 2 classes & postmean_w
(amino acids refer to 1st sequence: Chicken)

   1 M   0.99938 0.00062 ( 1)  0.102
   2 -   0.30694 0.69306 ( 2)  0.724
   3 -   0.00001 0.99999 ( 2)  1.000
   4 -   0.07456 0.92544 ( 2)  0.933
   5 -   0.00007 0.99993 ( 2)  1.000
   6 -   0.00003 0.99997 ( 2)  1.000
   7 -   0.00016 0.99984 ( 2)  1.000
   8 A   0.04738 0.95262 ( 2)  0.957
   9 P   0.00004 0.99996 ( 2)  1.000
  10 E   0.85684 0.14316 ( 1)  0.230
  11 L   0.00023 0.99977 ( 2)  1.000
  12 T   0.30424 0.69576 ( 2)  0.727
  13 D   0.00039 0.99961 ( 2)  1.000
  14 R   0.00021 0.99979 ( 2)  1.000
  15 K   0.00120 0.99880 ( 2)  0.999
  16 P   0.00518 0.99482 ( 2)  0.995
  17 E   0.00000 1.00000 ( 2)  1.000
  18 H   0.01000 0.99000 ( 2)  0.991
  19 E   0.22855 0.77145 ( 2)  0.795
  20 Q   0.04772 0.95228 ( 2)  0.957
  21 K   0.02692 0.97308 ( 2)  0.976
  22 V   0.35832 0.64168 ( 2)  0.678
  23 S   0.02087 0.97913 ( 2)  0.981
  24 K   0.01493 0.98507 ( 2)  0.987
  25 R   0.00003 0.99997 ( 2)  1.000
  26 L   0.00035 0.99965 ( 2)  1.000
  27 N   0.00573 0.99427 ( 2)  0.995
  28 D   0.00014 0.99986 ( 2)  1.000
  29 R   0.00469 0.99531 ( 2)  0.996
  30 E   0.97611 0.02389 ( 1)  0.123
  31 E   0.66642 0.33358 ( 1)  0.401
  32 D   0.00000 1.00000 ( 2)  1.000
  33 K   0.00018 0.99982 ( 2)  1.000
  34 D   0.00041 0.99959 ( 2)  1.000
  35 E   0.00552 0.99448 ( 2)  0.995
  36 A   0.01703 0.98297 ( 2)  0.985
  37 A   0.00042 0.99958 ( 2)  1.000
  38 A   0.04695 0.95305 ( 2)  0.958
  39 C   0.00069 0.99931 ( 2)  0.999
  40 S   0.65480 0.34520 ( 1)  0.412
  41 L   0.99068 0.00932 ( 1)  0.110
  42 D   0.14545 0.85455 ( 2)  0.869
  43 N   0.92856 0.07144 ( 1)  0.166
  44 Q   0.97047 0.02953 ( 1)  0.128
  45 Y   0.99211 0.00789 ( 1)  0.109
  46 D   0.99625 0.00375 ( 1)  0.105
  47 R   0.94411 0.05589 ( 1)  0.152
  48 K   0.99965 0.00035 ( 1)  0.102
  49 I   0.98677 0.01323 ( 1)  0.114
  50 Q   0.94197 0.05803 ( 1)  0.154
  51 P   0.99184 0.00816 ( 1)  0.109
  52 C   0.99148 0.00852 ( 1)  0.110
  53 I   0.99835 0.00165 ( 1)  0.103
  54 D   0.99965 0.00035 ( 1)  0.102
  55 L   0.99477 0.00523 ( 1)  0.107
  56 V   0.98627 0.01373 ( 1)  0.114
  57 D   0.99972 0.00028 ( 1)  0.102
  58 S   0.08083 0.91917 ( 2)  0.927
  59 L   0.99178 0.00822 ( 1)  0.109
  60 R   0.99293 0.00707 ( 1)  0.108
  61 K   0.14244 0.85756 ( 2)  0.872
  62 L   0.99076 0.00924 ( 1)  0.110
  63 D   0.92445 0.07555 ( 1)  0.170
  64 I   0.98592 0.01408 ( 1)  0.115
  65 G   0.99399 0.00601 ( 1)  0.107
  66 N   0.83867 0.16133 ( 1)  0.247
  67 D   0.99972 0.00028 ( 1)  0.102
  68 L   0.99237 0.00763 ( 1)  0.109
  69 M   0.17806 0.82194 ( 2)  0.840
  70 L   0.99064 0.00936 ( 1)  0.110
  71 P   0.98831 0.01169 ( 1)  0.112
  72 A   0.99758 0.00242 ( 1)  0.104
  73 I   0.99903 0.00097 ( 1)  0.103
  74 A   0.99518 0.00482 ( 1)  0.106
  75 V   0.99801 0.00199 ( 1)  0.104
  76 I   0.99861 0.00139 ( 1)  0.103
  77 G   0.99873 0.00127 ( 1)  0.103
  78 D   0.99972 0.00028 ( 1)  0.102
  79 R   0.97890 0.02110 ( 1)  0.121
  80 N   0.99269 0.00731 ( 1)  0.108
  81 S   0.97647 0.02353 ( 1)  0.123
  82 G   0.99904 0.00096 ( 1)  0.103
  83 K   0.99959 0.00041 ( 1)  0.102
  84 S   0.99958 0.00042 ( 1)  0.102
  85 S   0.96887 0.03113 ( 1)  0.130
  86 V   0.96380 0.03620 ( 1)  0.134
  87 L   0.99161 0.00839 ( 1)  0.109
  88 E   0.99942 0.00058 ( 1)  0.102
  89 A   0.99584 0.00416 ( 1)  0.106
  90 L   0.99138 0.00862 ( 1)  0.110
  91 S   0.96256 0.03744 ( 1)  0.136
  92 G   0.99528 0.00472 ( 1)  0.106
  93 V   0.99527 0.00473 ( 1)  0.106
  94 A   0.94260 0.05740 ( 1)  0.153
  95 L   0.98992 0.01008 ( 1)  0.111
  96 P   0.99184 0.00816 ( 1)  0.109
  97 R   0.99796 0.00204 ( 1)  0.104
  98 D   0.98953 0.01047 ( 1)  0.111
  99 K   0.83979 0.16021 ( 1)  0.246
 100 G   0.99481 0.00519 ( 1)  0.107
 101 V   0.97630 0.02370 ( 1)  0.123
 102 I   0.94283 0.05717 ( 1)  0.153
 103 T   0.99521 0.00479 ( 1)  0.106
 104 R   0.99189 0.00811 ( 1)  0.109
 105 C   0.97567 0.02433 ( 1)  0.124
 106 P   0.98470 0.01530 ( 1)  0.116
 107 L   0.99137 0.00863 ( 1)  0.110
 108 E   0.98623 0.01377 ( 1)  0.114
 109 L   0.99090 0.00910 ( 1)  0.110
 110 K   0.98816 0.01184 ( 1)  0.113
 111 L   0.98994 0.01006 ( 1)  0.111
 112 K   0.99105 0.00895 ( 1)  0.110
 113 K   0.98430 0.01570 ( 1)  0.116
 114 M   0.62953 0.37047 ( 1)  0.435
 115 T   0.00002 0.99998 ( 2)  1.000
 116 A   0.00041 0.99959 ( 2)  1.000
 117 -   0.61571 0.38429 ( 1)  0.447
 118 P   0.01935 0.98065 ( 2)  0.983
 119 Q   0.30305 0.69695 ( 2)  0.728
 120 E   0.90203 0.09797 ( 1)  0.190
 121 W   0.97966 0.02034 ( 1)  0.120
 122 K   0.29787 0.70213 ( 2)  0.732
 123 G   0.99884 0.00116 ( 1)  0.103
 124 V   0.84684 0.15316 ( 1)  0.239
 125 I   0.98446 0.01554 ( 1)  0.116
 126 Y   0.00026 0.99974 ( 2)  1.000
 127 Y   0.97596 0.02404 ( 1)  0.123
 128 R   0.00016 0.99984 ( 2)  1.000
 129 N   0.99758 0.00242 ( 1)  0.104
 130 T   0.00001 0.99999 ( 2)  1.000
 131 E   0.21809 0.78191 ( 2)  0.804
 132 I   0.00580 0.99420 ( 2)  0.995
 133 Q   0.91009 0.08991 ( 1)  0.183
 134 L   0.12320 0.87680 ( 2)  0.889
 135 Q   0.00374 0.99626 ( 2)  0.997
 136 N   0.41761 0.58239 ( 2)  0.625
 137 A   0.41675 0.58325 ( 2)  0.626
 138 S   0.94655 0.05345 ( 1)  0.150
 139 E   0.39816 0.60184 ( 2)  0.642
 140 V   0.99802 0.00198 ( 1)  0.104
 141 K   0.98851 0.01149 ( 1)  0.112
 142 K   0.00492 0.99508 ( 2)  0.996
 143 A   0.51879 0.48121 ( 1)  0.534
 144 I   0.98661 0.01339 ( 1)  0.114
 145 R   0.43073 0.56927 ( 2)  0.613
 146 K   0.22040 0.77960 ( 2)  0.802
 147 A   0.98035 0.01965 ( 1)  0.120
 148 Q   0.99818 0.00182 ( 1)  0.104
 149 D   0.56761 0.43239 ( 1)  0.490
 150 I   0.00009 0.99991 ( 2)  1.000
 151 V   0.98189 0.01811 ( 1)  0.118
 152 A   0.99424 0.00576 ( 1)  0.107
 153 G   0.99886 0.00114 ( 1)  0.103
 154 T   0.25508 0.74492 ( 2)  0.771
 155 N   0.43214 0.56786 ( 2)  0.612
 156 G   0.00007 0.99993 ( 2)  1.000
 157 S   0.01275 0.98725 ( 2)  0.989
 158 I   0.99884 0.00116 ( 1)  0.103
 159 S   0.99767 0.00233 ( 1)  0.104
 160 G   0.00177 0.99823 ( 2)  0.998
 161 E   0.93840 0.06160 ( 1)  0.157
 162 L   0.98026 0.01974 ( 1)  0.120
 163 I   0.99797 0.00203 ( 1)  0.104
 164 S   0.17631 0.82369 ( 2)  0.842
 165 L   0.98929 0.01071 ( 1)  0.111
 166 E   0.99481 0.00519 ( 1)  0.107
 167 I   0.88991 0.11009 ( 1)  0.201
 168 W   0.79421 0.20579 ( 1)  0.287
 169 S   0.98568 0.01432 ( 1)  0.115
 170 P   0.82183 0.17817 ( 1)  0.262
 171 D   0.03854 0.96146 ( 2)  0.965
 172 V   0.99796 0.00204 ( 1)  0.104
 173 P   0.98306 0.01694 ( 1)  0.117
 174 D   0.99938 0.00062 ( 1)  0.102
 175 L   0.99237 0.00763 ( 1)  0.109
 176 T   0.99555 0.00445 ( 1)  0.106
 177 L   0.98731 0.01269 ( 1)  0.113
 178 I   0.99811 0.00189 ( 1)  0.104
 179 D   0.99965 0.00035 ( 1)  0.102
 180 L   0.98437 0.01563 ( 1)  0.116
 181 P   0.97981 0.02019 ( 1)  0.120
 182 G   0.99731 0.00269 ( 1)  0.104
 183 I   0.99871 0.00129 ( 1)  0.103
 184 A   0.98477 0.01523 ( 1)  0.116
 185 R   0.99858 0.00142 ( 1)  0.103
 186 E   0.97744 0.02256 ( 1)  0.122
 187 A   0.99489 0.00511 ( 1)  0.106
 188 V   0.97018 0.02982 ( 1)  0.129
 189 G   0.96895 0.03105 ( 1)  0.130
 190 N   0.99119 0.00881 ( 1)  0.110
 191 Q   0.99843 0.00157 ( 1)  0.103
 192 P   0.98095 0.01905 ( 1)  0.119
 193 Q   0.00001 0.99999 ( 2)  1.000
 194 D   0.99968 0.00032 ( 1)  0.102
 195 N   0.97723 0.02277 ( 1)  0.122
 196 G   0.75167 0.24833 ( 1)  0.325
 197 Q   0.00075 0.99925 ( 2)  0.999
 198 Q   0.86538 0.13462 ( 1)  0.223
 199 I   0.99137 0.00863 ( 1)  0.110
 200 K   0.99959 0.00041 ( 1)  0.102
 201 T   0.00058 0.99942 ( 2)  0.999
 202 L   0.98995 0.01005 ( 1)  0.111
 203 L   0.98247 0.01753 ( 1)  0.118
 204 K   0.01502 0.98498 ( 2)  0.987
 205 K   0.91748 0.08252 ( 1)  0.176
 206 Y   0.49036 0.50964 ( 2)  0.560
 207 I   0.99899 0.00101 ( 1)  0.103
 208 G   0.00000 1.00000 ( 2)  1.000
 209 C   0.01276 0.98724 ( 2)  0.989
 210 K   0.98103 0.01897 ( 1)  0.119
 211 E   0.99968 0.00032 ( 1)  0.102
 212 T   0.99782 0.00218 ( 1)  0.104
 213 I   0.99924 0.00076 ( 1)  0.103
 214 I   0.93383 0.06617 ( 1)  0.161
 215 V   0.88513 0.11487 ( 1)  0.205
 216 V   0.99815 0.00185 ( 1)  0.104
 217 V   0.99849 0.00151 ( 1)  0.103
 218 V   0.99793 0.00207 ( 1)  0.104
 219 P   0.99177 0.00823 ( 1)  0.109
 220 C   0.00601 0.99399 ( 2)  0.995
 221 N   0.99950 0.00050 ( 1)  0.102
 222 V   0.99866 0.00134 ( 1)  0.103
 223 D   0.99965 0.00035 ( 1)  0.102
 224 I   0.99774 0.00226 ( 1)  0.104
 225 A   0.99730 0.00270 ( 1)  0.104
 226 T   0.99756 0.00244 ( 1)  0.104
 227 T   0.99393 0.00607 ( 1)  0.107
 228 E   0.99963 0.00037 ( 1)  0.102
 229 A   0.99763 0.00237 ( 1)  0.104
 230 L   0.99241 0.00759 ( 1)  0.109
 231 K   0.01151 0.98849 ( 2)  0.990
 232 M   0.99992 0.00008 ( 1)  0.102
 233 A   0.99378 0.00622 ( 1)  0.107
 234 Q   0.99780 0.00220 ( 1)  0.104
 235 E   0.99662 0.00338 ( 1)  0.105
 236 V   0.99866 0.00134 ( 1)  0.103
 237 D   0.99967 0.00033 ( 1)  0.102
 238 P   0.98803 0.01197 ( 1)  0.113
 239 T   0.00616 0.99384 ( 2)  0.994
 240 G   0.99564 0.00436 ( 1)  0.106
 241 E   0.99610 0.00390 ( 1)  0.105
 242 R   0.99953 0.00047 ( 1)  0.102
 243 T   0.99799 0.00201 ( 1)  0.104
 244 L   0.96955 0.03045 ( 1)  0.129
 245 G   0.99794 0.00206 ( 1)  0.104
 246 V   0.89044 0.10956 ( 1)  0.200
 247 L   0.98208 0.01792 ( 1)  0.118
 248 T   0.99644 0.00356 ( 1)  0.105
 249 K   0.99959 0.00041 ( 1)  0.102
 250 P   0.98382 0.01618 ( 1)  0.116
 251 D   0.99913 0.00087 ( 1)  0.103
 252 L   0.99131 0.00869 ( 1)  0.110
 253 V   0.99866 0.00134 ( 1)  0.103
 254 N   0.99681 0.00319 ( 1)  0.105
 255 E   0.02125 0.97875 ( 2)  0.981
 256 G   0.99727 0.00273 ( 1)  0.104
 257 T   0.92546 0.07454 ( 1)  0.169
 258 E   0.99869 0.00131 ( 1)  0.103
 259 E   0.65616 0.34384 ( 1)  0.411
 260 T   0.57734 0.42266 ( 1)  0.481
 261 V   0.56368 0.43632 ( 1)  0.494
 262 L   0.22407 0.77593 ( 2)  0.799
 263 K   0.57514 0.42486 ( 1)  0.483
 264 I   0.98592 0.01408 ( 1)  0.115
 265 I   0.01976 0.98024 ( 2)  0.982
 266 Q   0.57896 0.42104 ( 1)  0.480
 267 N   0.99967 0.00033 ( 1)  0.102
 268 E   0.61120 0.38880 ( 1)  0.451
 269 V   0.99817 0.00183 ( 1)  0.104
 270 I   0.01750 0.98250 ( 2)  0.984
 271 P   0.78739 0.21261 ( 1)  0.293
 272 L   0.99336 0.00664 ( 1)  0.108
 273 R   0.99611 0.00389 ( 1)  0.105
 274 K   0.99959 0.00041 ( 1)  0.102
 275 G   0.99871 0.00129 ( 1)  0.103
 276 Y   0.99794 0.00206 ( 1)  0.104
 277 M   0.99992 0.00008 ( 1)  0.102
 278 I   0.96619 0.03381 ( 1)  0.132
 279 V   0.99822 0.00178 ( 1)  0.103
 280 K   0.99963 0.00037 ( 1)  0.102
 281 C   0.98699 0.01301 ( 1)  0.114
 282 Y   0.52048 0.47952 ( 1)  0.533
 283 G   0.99768 0.00232 ( 1)  0.104
 284 Q   0.99780 0.00220 ( 1)  0.104
 285 M   0.64156 0.35844 ( 1)  0.424
 286 D   0.97073 0.02927 ( 1)  0.128
 287 F   0.98667 0.01333 ( 1)  0.114
 288 C   0.04410 0.95590 ( 2)  0.960
 289 N   0.20011 0.79989 ( 2)  0.820
 290 E   0.32648 0.67352 ( 2)  0.707
 291 L   0.53139 0.46861 ( 1)  0.523
 292 S   0.85344 0.14656 ( 1)  0.234
 293 F   0.91557 0.08443 ( 1)  0.178
 294 T   0.02443 0.97557 ( 2)  0.978
 295 S   0.13563 0.86437 ( 2)  0.878
 296 A   0.99677 0.00323 ( 1)  0.105
 297 I   0.50401 0.49599 ( 1)  0.547
 298 Q   0.96643 0.03357 ( 1)  0.132
 299 Q   0.26823 0.73177 ( 2)  0.759
 300 E   0.99968 0.00032 ( 1)  0.102
 301 R   0.02994 0.97006 ( 2)  0.973
 302 E   0.00009 0.99991 ( 2)  1.000
 303 F   0.99819 0.00181 ( 1)  0.104
 304 F   0.99513 0.00487 ( 1)  0.106
 305 E   0.95893 0.04107 ( 1)  0.139
 306 T   0.00736 0.99264 ( 2)  0.993
 307 H   0.99917 0.00083 ( 1)  0.103
 308 K   0.00064 0.99936 ( 2)  0.999
 309 H   0.00060 0.99940 ( 2)  0.999
 310 F   0.99819 0.00181 ( 1)  0.104
 311 S   0.93527 0.06473 ( 1)  0.160
 312 T   0.01725 0.98275 ( 2)  0.985
 313 L   0.98389 0.01611 ( 1)  0.116
 314 L   0.99246 0.00754 ( 1)  0.109
 315 D   0.99695 0.00305 ( 1)  0.105
 316 E   0.68221 0.31779 ( 1)  0.387
 317 N   0.78730 0.21270 ( 1)  0.293
 318 K   0.42727 0.57273 ( 2)  0.616
 319 A   0.99759 0.00241 ( 1)  0.104
 320 T   0.99536 0.00464 ( 1)  0.106
 321 I   0.32757 0.67243 ( 2)  0.706
 322 P   0.99253 0.00747 ( 1)  0.109
 323 H   0.01730 0.98270 ( 2)  0.984
 324 L   0.99170 0.00830 ( 1)  0.109
 325 A   0.99348 0.00652 ( 1)  0.108
 326 N   0.07565 0.92435 ( 2)  0.932
 327 K   0.59653 0.40347 ( 1)  0.464
 328 L   0.99186 0.00814 ( 1)  0.109
 329 T   0.99732 0.00268 ( 1)  0.104
 330 D   0.00000 1.00000 ( 2)  1.000
 331 E   0.99939 0.00061 ( 1)  0.102
 332 L   0.99362 0.00638 ( 1)  0.108
 333 V   0.86502 0.13498 ( 1)  0.223
 334 G   0.00208 0.99792 ( 2)  0.998
 335 R   0.98382 0.01618 ( 1)  0.116
 336 I   0.99885 0.00115 ( 1)  0.103
 337 I   0.26392 0.73608 ( 2)  0.763
 338 K   0.99862 0.00138 ( 1)  0.103
 339 T   0.42539 0.57461 ( 2)  0.618
 340 L   0.99064 0.00936 ( 1)  0.110
 341 P   0.98834 0.01166 ( 1)  0.112
 342 A   0.00904 0.99096 ( 2)  0.992
 343 I   0.86244 0.13756 ( 1)  0.225
 344 E   0.99894 0.00106 ( 1)  0.103
 345 K   0.30433 0.69567 ( 2)  0.727
 346 Q   0.99429 0.00571 ( 1)  0.107
 347 V   0.98911 0.01089 ( 1)  0.112
 348 H   0.02404 0.97596 ( 2)  0.978
 349 D   0.03696 0.96304 ( 2)  0.967
 350 A   0.00001 0.99999 ( 2)  1.000
 351 L   0.94118 0.05882 ( 1)  0.155
 352 Q   0.97833 0.02167 ( 1)  0.121
 353 Q   0.00003 0.99997 ( 2)  1.000
 354 A   0.02597 0.97403 ( 2)  0.977
 355 K   0.00493 0.99507 ( 2)  0.996
 356 K   0.97008 0.02992 ( 1)  0.129
 357 E   0.99959 0.00041 ( 1)  0.102
 358 L   0.97313 0.02687 ( 1)  0.126
 359 Q   0.99644 0.00356 ( 1)  0.105
 360 K   0.99968 0.00032 ( 1)  0.102
 361 Y   0.99690 0.00310 ( 1)  0.105
 362 T   0.57632 0.42368 ( 1)  0.482
 363 Q   0.00000 1.00000 ( 2)  1.000
 364 S   0.95842 0.04158 ( 1)  0.139
 365 T   0.19794 0.80206 ( 2)  0.822
 366 H   0.87760 0.12240 ( 1)  0.212
 367 P   0.28819 0.71181 ( 2)  0.741
 368 T   0.05136 0.94864 ( 2)  0.954
 369 V   0.73025 0.26975 ( 1)  0.344
 370 S   0.00058 0.99942 ( 2)  0.999
 371 D   0.08312 0.91688 ( 2)  0.925
 372 K   0.99015 0.00985 ( 1)  0.111
 373 T   0.65108 0.34892 ( 1)  0.415
 374 I   0.00823 0.99177 ( 2)  0.993
 375 F   0.65165 0.34835 ( 1)  0.415
 376 L   0.99240 0.00760 ( 1)  0.109
 377 V   0.02347 0.97653 ( 2)  0.979
 378 G   0.16456 0.83544 ( 2)  0.852
 379 L   0.74183 0.25817 ( 1)  0.334
 380 I   0.71473 0.28527 ( 1)  0.358
 381 K   0.45203 0.54797 ( 2)  0.594
 382 A   0.00431 0.99569 ( 2)  0.996
 383 F   0.99350 0.00650 ( 1)  0.108
 384 N   0.99907 0.00093 ( 1)  0.103
 385 E   0.00020 0.99980 ( 2)  1.000
 386 D   0.92725 0.07275 ( 1)  0.167
 387 I   0.98138 0.01862 ( 1)  0.119
 388 S   0.00001 0.99999 ( 2)  1.000
 389 Q   0.00000 1.00000 ( 2)  1.000
 390 T   0.00030 0.99970 ( 2)  1.000
 391 M   0.50574 0.49426 ( 1)  0.546
 392 H   0.00608 0.99392 ( 2)  0.995
 393 G   0.94483 0.05517 ( 1)  0.151
 394 K   0.92585 0.07415 ( 1)  0.168
 395 E   0.99871 0.00129 ( 1)  0.103
 396 S   0.00000 1.00000 ( 2)  1.000
 397 W   0.12100 0.87900 ( 2)  0.891
 398 F   0.00015 0.99985 ( 2)  1.000
 399 G   0.06564 0.93436 ( 2)  0.941
 400 N   0.00612 0.99388 ( 2)  0.995
 401 E   0.46388 0.53612 ( 2)  0.583
 402 I   0.05270 0.94730 ( 2)  0.953
 403 R   0.99226 0.00774 ( 1)  0.109
 404 L   0.99097 0.00903 ( 1)  0.110
 405 F   0.99270 0.00730 ( 1)  0.108
 406 P   0.77304 0.22696 ( 1)  0.306
 407 K   0.98432 0.01568 ( 1)  0.116
 408 I   0.00528 0.99472 ( 2)  0.995
 409 R   0.98136 0.01864 ( 1)  0.119
 410 R   0.00064 0.99936 ( 2)  0.999
 411 E   0.99961 0.00039 ( 1)  0.102
 412 F   0.99562 0.00438 ( 1)  0.106
 413 R   0.00019 0.99981 ( 2)  1.000
 414 T   0.05641 0.94359 ( 2)  0.949
 415 W   0.97966 0.02034 ( 1)  0.120
 416 G   0.01304 0.98696 ( 2)  0.988
 417 V   0.00007 0.99993 ( 2)  1.000
 418 K   0.00001 0.99999 ( 2)  1.000
 419 L   0.62344 0.37656 ( 1)  0.440
 420 L   0.85093 0.14907 ( 1)  0.236
 421 E   0.84870 0.15130 ( 1)  0.238
 422 S   0.04713 0.95287 ( 2)  0.958
 423 S   0.07269 0.92731 ( 2)  0.935
 424 A   0.00131 0.99869 ( 2)  0.999
 425 K   0.40348 0.59652 ( 2)  0.638
 426 -   0.61571 0.38429 ( 1)  0.447
 427 -   0.61571 0.38429 ( 1)  0.447
 428 V   0.52839 0.47161 ( 1)  0.525
 429 E   0.00011 0.99989 ( 2)  1.000
 430 E   0.00005 0.99995 ( 2)  1.000
 431 I   0.00016 0.99984 ( 2)  1.000
 432 V   0.00063 0.99937 ( 2)  0.999
 433 C   0.00000 1.00000 ( 2)  1.000
 434 S   0.16881 0.83119 ( 2)  0.848
 435 K   0.02916 0.97084 ( 2)  0.974
 436 L   0.69350 0.30650 ( 1)  0.377
 437 P   0.00002 0.99998 ( 2)  1.000
 438 K   0.13446 0.86554 ( 2)  0.879
 439 Y   0.90878 0.09122 ( 1)  0.184
 440 E   0.99862 0.00138 ( 1)  0.103
 441 D   0.92661 0.07339 ( 1)  0.168
 442 Q   0.20005 0.79995 ( 2)  0.820
 443 Y   0.99430 0.00570 ( 1)  0.107
 444 R   0.97226 0.02774 ( 1)  0.127
 445 G   0.99772 0.00228 ( 1)  0.104
 446 R   0.99379 0.00621 ( 1)  0.107
 447 E   0.99618 0.00382 ( 1)  0.105
 448 F   0.92690 0.07310 ( 1)  0.168
 449 P   0.98101 0.01899 ( 1)  0.119
 450 D   0.98793 0.01207 ( 1)  0.113
 451 F   0.99286 0.00714 ( 1)  0.108
 452 I   0.98677 0.01323 ( 1)  0.114
 453 S   0.91050 0.08950 ( 1)  0.182
 454 Y   0.99803 0.00197 ( 1)  0.104
 455 W   0.66564 0.33436 ( 1)  0.402
 456 T   0.94315 0.05685 ( 1)  0.153
 457 F   0.99231 0.00769 ( 1)  0.109
 458 E   0.99953 0.00047 ( 1)  0.102
 459 D   0.00291 0.99709 ( 2)  0.997
 460 I   0.99859 0.00141 ( 1)  0.103
 461 I   0.98737 0.01263 ( 1)  0.113
 462 K   0.99880 0.00120 ( 1)  0.103
 463 E   0.64580 0.35420 ( 1)  0.420
 464 Q   0.61651 0.38349 ( 1)  0.446
 465 I   0.79950 0.20050 ( 1)  0.282
 466 T   0.00012 0.99988 ( 2)  1.000
 467 K   0.00142 0.99858 ( 2)  0.999
 468 L   0.99082 0.00918 ( 1)  0.110
 469 E   0.99894 0.00106 ( 1)  0.103
 470 E   0.99963 0.00037 ( 1)  0.102
 471 P   0.84685 0.15315 ( 1)  0.239
 472 A   0.99261 0.00739 ( 1)  0.109
 473 V   0.57676 0.42324 ( 1)  0.482
 474 A   0.04831 0.95169 ( 2)  0.957
 475 M   0.99778 0.00222 ( 1)  0.104
 476 L   0.99144 0.00856 ( 1)  0.110
 477 N   0.89711 0.10289 ( 1)  0.194
 478 K   0.30503 0.69497 ( 2)  0.726
 479 V   0.97031 0.02969 ( 1)  0.129
 480 I   0.96678 0.03322 ( 1)  0.132
 481 Y   0.00007 0.99993 ( 2)  1.000
 482 M   0.54630 0.45370 ( 1)  0.509
 483 V   0.97342 0.02658 ( 1)  0.126
 484 E   0.10635 0.89365 ( 2)  0.904
 485 E   0.00000 1.00000 ( 2)  1.000
 486 K   0.16852 0.83148 ( 2)  0.849
 487 F   0.99690 0.00310 ( 1)  0.105
 488 L   0.00007 0.99993 ( 2)  1.000
 489 Q   0.03517 0.96483 ( 2)  0.968
 490 L   0.09047 0.90953 ( 2)  0.919
 491 A   0.02494 0.97506 ( 2)  0.978
 492 N   0.00002 0.99998 ( 2)  1.000
 493 K   0.05017 0.94983 ( 2)  0.955
 494 R   0.03251 0.96749 ( 2)  0.971
 495 F   0.99197 0.00803 ( 1)  0.109
 496 A   0.00215 0.99785 ( 2)  0.998
 497 N   0.84914 0.15086 ( 1)  0.237
 498 F   0.92431 0.07569 ( 1)  0.170
 499 Q   0.01266 0.98734 ( 2)  0.989
 500 N   0.99967 0.00033 ( 1)  0.102
 501 L   0.98428 0.01572 ( 1)  0.116
 502 N   0.04387 0.95613 ( 2)  0.961
 503 N   0.02342 0.97658 ( 2)  0.979
 504 A   0.93483 0.06517 ( 1)  0.160
 505 A   0.78585 0.21415 ( 1)  0.294
 506 Q   0.99583 0.00417 ( 1)  0.106
 507 A   0.53508 0.46492 ( 1)  0.519
 508 R   0.97981 0.02019 ( 1)  0.120
 509 I   0.99768 0.00232 ( 1)  0.104
 510 G   0.40267 0.59733 ( 2)  0.638
 511 C   0.10463 0.89537 ( 2)  0.906
 512 I   0.99730 0.00270 ( 1)  0.104
 513 S   0.19773 0.80227 ( 2)  0.822
 514 D   0.00000 1.00000 ( 2)  1.000
 515 R   0.00194 0.99806 ( 2)  0.998
 516 Q   0.93764 0.06236 ( 1)  0.158
 517 A   0.98191 0.01809 ( 1)  0.118
 518 T   0.07253 0.92747 ( 2)  0.935
 519 T   0.51582 0.48418 ( 1)  0.537
 520 A   0.93779 0.06221 ( 1)  0.158
 521 K   0.99322 0.00678 ( 1)  0.108
 522 N   0.66445 0.33555 ( 1)  0.403
 523 C   0.00006 0.99994 ( 2)  1.000
 524 I   0.99924 0.00076 ( 1)  0.103
 525 L   0.81666 0.18334 ( 1)  0.267
 526 T   0.10291 0.89709 ( 2)  0.908
 527 Q   0.98962 0.01038 ( 1)  0.111
 528 F   0.99690 0.00310 ( 1)  0.105
 529 K   0.96902 0.03098 ( 1)  0.130
 530 M   0.99992 0.00008 ( 1)  0.102
 531 E   0.99954 0.00046 ( 1)  0.102
 532 R   0.53425 0.46575 ( 1)  0.520
 533 I   0.84037 0.15963 ( 1)  0.245
 534 I   0.97388 0.02612 ( 1)  0.125
 535 Y   0.99829 0.00171 ( 1)  0.103
 536 C   0.99181 0.00819 ( 1)  0.109
 537 Q   0.99806 0.00194 ( 1)  0.104
 538 D   0.99965 0.00035 ( 1)  0.102
 539 N   0.51857 0.48143 ( 1)  0.534
 540 I   0.82291 0.17709 ( 1)  0.261
 541 Y   0.99788 0.00212 ( 1)  0.104
 542 A   0.00046 0.99954 ( 2)  1.000
 543 D   0.00193 0.99807 ( 2)  0.998
 544 D   0.76205 0.23795 ( 1)  0.316
 545 L   0.97844 0.02156 ( 1)  0.121
 546 K   0.04370 0.95630 ( 2)  0.961
 547 A   0.00002 0.99998 ( 2)  1.000
 548 A   0.32436 0.67564 ( 2)  0.709
 549 R   0.95929 0.04071 ( 1)  0.138
 550 A   0.99258 0.00742 ( 1)  0.109
 551 E   0.99746 0.00254 ( 1)  0.104
 552 G   0.02768 0.97232 ( 2)  0.975
 553 I   0.00023 0.99977 ( 2)  1.000
 554 S   0.31346 0.68654 ( 2)  0.718
 555 K   0.96927 0.03073 ( 1)  0.129
 556 D   0.99460 0.00540 ( 1)  0.107
 557 T   0.71196 0.28804 ( 1)  0.361
 558 K   0.00014 0.99986 ( 2)  1.000
 559 I   0.61571 0.38429 ( 1)  0.447
 560 K   0.76084 0.23916 ( 1)  0.317
 561 D   0.00124 0.99876 ( 2)  0.999
 562 L   0.00126 0.99874 ( 2)  0.999
 563 A   0.00011 0.99989 ( 2)  1.000
 564 -   0.00226 0.99774 ( 2)  0.998
 565 -   0.00001 0.99999 ( 2)  1.000
 566 -   0.39090 0.60910 ( 2)  0.649
 567 -   0.00477 0.99523 ( 2)  0.996
 568 F   0.15178 0.84822 ( 2)  0.864
 569 G   0.00156 0.99844 ( 2)  0.999
 570 C   0.00000 1.00000 ( 2)  1.000
 571 A   0.00000 1.00000 ( 2)  1.000
 572 S   0.00040 0.99960 ( 2)  1.000
 573 -   0.61571 0.38429 ( 1)  0.447
 574 -   0.61571 0.38429 ( 1)  0.447
 575 R   0.00204 0.99796 ( 2)  0.998
 576 Q   0.00001 0.99999 ( 2)  1.000
 577 C   0.00001 0.99999 ( 2)  1.000
 578 P   0.00008 0.99992 ( 2)  1.000
 579 S   0.00001 0.99999 ( 2)  1.000
 580 F   0.52747 0.47253 ( 1)  0.526
 581 A   0.00010 0.99990 ( 2)  1.000
 582 L   0.00000 1.00000 ( 2)  1.000
 583 E   0.99953 0.00047 ( 1)  0.102
 584 M   0.99470 0.00530 ( 1)  0.107
 585 V   0.00635 0.99365 ( 2)  0.994
 586 S   0.07105 0.92895 ( 2)  0.936
 587 H   0.99917 0.00083 ( 1)  0.103
 588 V   0.08507 0.91493 ( 2)  0.924
 589 K   0.00174 0.99826 ( 2)  0.998
 590 A   0.99856 0.00144 ( 1)  0.103
 591 Y   0.99665 0.00335 ( 1)  0.105
 592 F   0.01715 0.98285 ( 2)  0.985
 593 T   0.57753 0.42247 ( 1)  0.481
 594 G   0.99456 0.00544 ( 1)  0.107
 595 A   0.11084 0.88916 ( 2)  0.900
 596 S   0.05004 0.94996 ( 2)  0.955
 597 K   0.23955 0.76045 ( 2)  0.785
 598 R   0.73371 0.26629 ( 1)  0.341
 599 L   0.97758 0.02242 ( 1)  0.122
 600 S   0.00595 0.99405 ( 2)  0.995
 601 N   0.48908 0.51092 ( 2)  0.561
 602 Q   0.97610 0.02390 ( 1)  0.123
 603 I   0.99899 0.00101 ( 1)  0.103
 604 P   0.98218 0.01782 ( 1)  0.118
 605 L   0.98802 0.01198 ( 1)  0.113
 606 I   0.99916 0.00084 ( 1)  0.103
 607 I   0.99924 0.00076 ( 1)  0.103
 608 L   0.96188 0.03812 ( 1)  0.136
 609 S   0.47551 0.52449 ( 2)  0.573
 610 T   0.01840 0.98160 ( 2)  0.983
 611 V   0.38132 0.61868 ( 2)  0.658
 612 L   0.99233 0.00767 ( 1)  0.109
 613 H   0.22631 0.77369 ( 2)  0.797
 614 D   0.03124 0.96876 ( 2)  0.972
 615 F   0.49865 0.50135 ( 2)  0.552
 616 G   0.99880 0.00120 ( 1)  0.103
 617 N   0.00949 0.99051 ( 2)  0.991
 618 Y   0.01928 0.98072 ( 2)  0.983
 619 L   0.57204 0.42796 ( 1)  0.486
 620 Q   0.87746 0.12254 ( 1)  0.212
 621 T   0.16218 0.83782 ( 2)  0.854
 622 S   0.00004 0.99996 ( 2)  1.000
 623 M   0.99992 0.00008 ( 1)  0.102
 624 L   0.98860 0.01140 ( 1)  0.112
 625 H   0.98576 0.01424 ( 1)  0.115
 626 L   0.99057 0.00943 ( 1)  0.110
 627 L   0.98692 0.01308 ( 1)  0.114
 628 Q   0.99780 0.00220 ( 1)  0.104
 629 G   0.71135 0.28865 ( 1)  0.361
 630 K   0.67942 0.32058 ( 1)  0.390
 631 E   0.57553 0.42447 ( 1)  0.483
 632 E   0.00338 0.99662 ( 2)  0.997
 633 I   0.01447 0.98553 ( 2)  0.987
 634 N   0.16524 0.83476 ( 2)  0.852
 635 Y   0.02214 0.97786 ( 2)  0.980
 636 L   0.81277 0.18723 ( 1)  0.270
 637 L   0.99205 0.00795 ( 1)  0.109
 638 Q   0.03292 0.96708 ( 2)  0.970
 639 E   0.99963 0.00037 ( 1)  0.102
 640 D   0.02768 0.97232 ( 2)  0.975
 641 H   0.03189 0.96811 ( 2)  0.971
 642 E   0.99729 0.00271 ( 1)  0.104
 643 A   0.77420 0.22580 ( 1)  0.305
 644 A   0.02635 0.97365 ( 2)  0.976
 645 N   0.73376 0.26624 ( 1)  0.341
 646 Q   0.90161 0.09839 ( 1)  0.190
 647 Q   0.77573 0.22427 ( 1)  0.303
 648 K   0.99255 0.00745 ( 1)  0.109
 649 L   0.76573 0.23427 ( 1)  0.312
 650 L   0.99277 0.00723 ( 1)  0.108
 651 T   0.75053 0.24947 ( 1)  0.326
 652 S   0.25418 0.74582 ( 2)  0.772
 653 R   0.99178 0.00822 ( 1)  0.109
 654 I   0.45397 0.54603 ( 2)  0.592
 655 S   0.00000 1.00000 ( 2)  1.000
 656 H   0.89877 0.10123 ( 1)  0.193
 657 L   0.99336 0.00664 ( 1)  0.108
 658 N   0.00160 0.99840 ( 2)  0.999
 659 K   0.22728 0.77272 ( 2)  0.796
 660 A   0.99489 0.00511 ( 1)  0.106
 661 Y   0.09138 0.90862 ( 2)  0.918
 662 Q   0.04340 0.95660 ( 2)  0.961
 663 Y   0.02650 0.97350 ( 2)  0.976
 664 L   0.98571 0.01429 ( 1)  0.115
 665 V   0.14539 0.85461 ( 2)  0.869
 666 D   0.76759 0.23241 ( 1)  0.311
 667 F   0.99690 0.00310 ( 1)  0.105
 668 K   0.00135 0.99865 ( 2)  0.999
 669 S   0.00906 0.99094 ( 2)  0.992


lnL = -12526.736702

