

TREE # 1

  0  0.0000  13231.309677  x:  0.33947   0.09305   0.92229   0.18047   0.03706   0.20983   0.00000   0.05098   0.05969   0.01475   0.04169   0.09583   0.06922   0.10600   0.05964   0.04602   0.17093   0.20713   0.15223   0.14690   0.14393   1.00000   0.59645   0.25662  
  1 99.0000  13089.106032  x:  0.36776   0.13511   0.93594   0.20225   0.07918   0.23016   0.39952   0.02395   0.02356   0.01940   0.02492   0.09859   0.11882   0.15503   0.05606   0.06147   0.18911   0.23322   0.18674   0.17212   0.16677   1.03263   0.63981   0.18791  
  2 5853.6678  12982.563686  x:  0.39010   0.16421   0.95016   0.21860   0.09207   0.23935   0.38866   0.01471   0.00185   0.01902   0.02159   0.07767   0.13663   0.17842   0.05315   0.06538   0.20242   0.25093   0.21257   0.19001   0.18296   1.06148   0.67108   0.13137  
  3 1464.1232  12927.605058  x:  0.41093   0.19118   0.96365   0.23377   0.10383   0.24790   0.37991   0.00795   0.01257   0.01879   0.01911   0.05797   0.15304   0.20001   0.05034   0.06879   0.21465   0.26736   0.23662   0.20652   0.19787   1.08873   0.69996   0.08025  
  4 12805.6507  12881.238033  x:  0.45325   0.24237   0.99792   0.26243   0.11956   0.26353   0.37323   0.07594   0.01555   0.01471   0.03663   0.01125   0.17935   0.23719   0.04015   0.06725   0.23356   0.29763   0.28509   0.23473   0.22242   1.15470   0.73301   0.09525  
  5 1444.0437  12837.369193  x:  0.48551   0.27946   1.02893   0.28309   0.12756   0.27802   0.36526   0.06649   0.01866   0.02489   0.01559   0.00000   0.19595   0.26163   0.04006   0.06750   0.24541   0.31954   0.32200   0.25352   0.23820   1.21140   0.74373   0.14011  
  6 1481.7269  12816.258933  x:  0.52024   0.31812   1.06506   0.30446   0.13367   0.29511   0.35515   0.06475   0.02154   0.02187   0.01082   0.03925   0.21167   0.28563   0.04200   0.06777   0.25679   0.34245   0.36151   0.27216   0.25347   1.27685   0.75234   0.17626  
  7 2763.3377  12798.675655  x:  0.54745   0.34122   1.11079   0.31567   0.12284   0.30649   0.35395   0.03566   0.02291   0.01264   0.06090   0.03938   0.21159   0.29201   0.05726   0.06993   0.25641   0.35571   0.39156   0.27686   0.25483   1.35489   0.72061   0.19266  
  8 746.1104  12775.279550  x:  0.58651   0.36248   1.20498   0.32289   0.08589   0.32075   0.35613   0.04002   0.02297   0.07090   0.08007   0.04878   0.19423   0.28358   0.06274   0.06374   0.24462   0.36891   0.43317   0.27015   0.24242   1.51112   0.63339   0.17459  
  9 866.3043  12727.532779  x:  0.62858   0.37011   1.34457   0.32109   0.03431   0.33667   0.36249   0.05644   0.02341   0.02215   0.03300   0.04096   0.16510   0.26103   0.05668   0.06299   0.22785   0.38135   0.47711   0.25338   0.21925   1.73213   0.51012   0.14198  
 10 1184.0145  12704.979750  x:  0.60789   0.28117   1.48965   0.27434   0.10015   0.34587   0.36070   0.06461   0.02285   0.01955   0.02299   0.03733   0.16780   0.22466   0.07818   0.11319   0.24349   0.38606   0.45475   0.23244   0.20441   1.92204   0.52276   0.13848  
 11 305.4831  12688.262537  x:  0.58863   0.21212   1.59231   0.23573   0.12027   0.34530   0.36201   0.05377   0.02212   0.01668   0.02906   0.03579   0.16974   0.21408   0.03827   0.08024   0.25612   0.37661   0.42920   0.23049   0.20854   2.04427   0.55255   0.14065  
 12 600.3239  12682.532338  x:  0.58104   0.18355   1.64256   0.21580   0.10343   0.33619   0.36420   0.05447   0.02157   0.01544   0.02588   0.03451   0.16683   0.22386   0.06215   0.05765   0.25668   0.36058   0.41153   0.23719   0.21783   2.09353   0.57919   0.14104  
 13 341.6807  12680.057480  x:  0.58017   0.17592   1.67242   0.20655   0.08130   0.32487   0.36529   0.05315   0.02131   0.01653   0.02684   0.03471   0.16429   0.23460   0.05651   0.07421   0.24961   0.34640   0.39884   0.24161   0.22217   2.11191   0.59754   0.14325  
 14 180.8292  12678.936262  x:  0.58567   0.18767   1.70753   0.21011   0.08579   0.30898   0.36516   0.05219   0.02117   0.01616   0.02676   0.03492   0.17050   0.23494   0.05612   0.07102   0.22830   0.34004   0.38592   0.23437   0.21028   2.10804   0.60792   0.14378  
 15 52.6998  12677.162873  x:  0.58164   0.19613   1.81844   0.24279   0.09369   0.29301   0.36501   0.05346   0.02131   0.01705   0.02674   0.03599   0.17326   0.23502   0.05674   0.07182   0.24544   0.33462   0.36090   0.24746   0.22023   2.05980   0.59163   0.14174  
 16 40.5794  12676.182560  x:  0.58218   0.19077   1.88683   0.25670   0.08515   0.32255   0.36511   0.05444   0.02115   0.01791   0.02726   0.03474   0.17112   0.23929   0.05739   0.07184   0.24354   0.34611   0.35477   0.23974   0.21767   2.02361   0.59384   0.14103  
 17 59.5373  12675.918798  x:  0.59246   0.18485   1.90334   0.24683   0.08713   0.32326   0.36541   0.05454   0.02111   0.01805   0.02726   0.03469   0.16537   0.23554   0.05742   0.07209   0.23638   0.35204   0.36359   0.24572   0.22366   2.01140   0.59367   0.14074  
 18 17.8152  12675.390005  x:  0.61905   0.17138   1.93293   0.21659   0.08709   0.31792   0.36478   0.05472   0.02113   0.01847   0.02732   0.03507   0.17157   0.24044   0.05764   0.07214   0.24310   0.35541   0.38795   0.24407   0.21867   1.98690   0.58955   0.14012  
 19 33.9752  12675.090521  x:  0.62070   0.16862   1.94041   0.21697   0.08616   0.31886   0.36489   0.05445   0.02103   0.01852   0.02731   0.03485   0.17349   0.23170   0.05777   0.07205   0.24421   0.34176   0.40624   0.24226   0.21824   1.98293   0.59387   0.14015  
 20  9.0832  12673.536570  x:  0.59833   0.17481   1.95382   0.20857   0.10269   0.32242   0.36184   0.05369   0.02104   0.01828   0.02685   0.03486   0.15859   0.25984   0.05608   0.07170   0.23544   0.32102   0.43887   0.24014   0.21801   1.98615   0.58888   0.13876  
 21  9.5719  12659.069595  x:  0.44951   0.31780   2.03484   0.08050   0.08974   0.35150   0.34087   0.04581   0.02030   0.01948   0.02466   0.03320   0.20684   0.25771   0.05436   0.07053   0.23154   0.33613   0.54129   0.27095   0.23741   2.05231   0.58398   0.13198  
 22 35.0410  12645.133798  x:  0.41460   0.38267   2.08731   0.06726   0.06538   0.31371   0.33034   0.03284   0.01863   0.02073   0.02381   0.03242   0.14485   0.25112   0.05122   0.06492   0.27849   0.40346   0.61022   0.25505   0.21513   2.12677   0.62876   0.13003  
 23 90.4344  12609.685504  x:  0.53690   0.32463   2.15520   0.18307   0.04099   0.30206   0.28456   0.01020   0.01609   0.02302   0.01772   0.03079   0.23019   0.31181   0.04419   0.06312   0.24625   0.46068   0.65298   0.27341   0.26325   2.33008   0.61971   0.11311  
 24 80.0035  12604.997773  x:  0.59990   0.35110   2.16174   0.17260   0.05855   0.34638   0.27913   0.00767   0.01565   0.02285   0.01694   0.02855   0.20563   0.30982   0.04235   0.06123   0.26634   0.41829   0.61751   0.29402   0.25621   2.35962   0.62121   0.11053  
 25 78.7702  12598.807622  x:  0.63287   0.33649   2.18821   0.19720   0.06135   0.36552   0.26885   0.01608   0.01537   0.02375   0.01536   0.02824   0.21091   0.31746   0.04455   0.06363   0.26633   0.41841   0.61656   0.36939   0.19603   2.39429   0.61552   0.10494  
 26  0.8236  12592.383812  x:  0.68791   0.35584   2.21609   0.19934   0.07433   0.37631   0.25877   0.02444   0.01520   0.02427   0.01357   0.02849   0.20815   0.32191   0.04636   0.06550   0.27766   0.40665   0.59907   0.29360   0.27984   2.42927   0.60510   0.09922  
 27 40.5442  12574.525262  x:  0.75875   0.34082   2.42537   0.24181   0.11101   0.36619   0.18287   0.02221   0.01491   0.03463   0.04887   0.03524   0.24357   0.34344   0.06581   0.08501   0.27943   0.45340   0.65929   0.31409   0.27916   2.65639   0.57136   0.09608  
 28  0.3097  12555.232282  x:  0.78298   0.32677   2.71798   0.23375   0.09353   0.34583   0.10966   0.02455   0.01485   0.01104   0.03806   0.03993   0.24961   0.34433   0.06167   0.09708   0.28108   0.48193   0.71724   0.32348   0.26209   2.81447   0.55827   0.09632  
 29  0.3039  12542.101673  x:  0.78059   0.30400   2.88500   0.20677   0.08549   0.31555   0.04991   0.02615   0.01440   0.02161   0.03049   0.05032   0.24010   0.32955   0.05366   0.08544   0.27242   0.46753   0.72718   0.31289   0.24789   2.96347   0.57489   0.09810  
 30  0.3067  12534.405558  x:  0.73544   0.27916   2.81506   0.17475   0.06744   0.30738   0.06906   0.02594   0.01466   0.02391   0.02073   0.05475   0.20533   0.29509   0.04665   0.06864   0.26216   0.42075   0.66248   0.28641   0.24001   2.88688   0.60255   0.10365  
 31  0.2019  12530.132321  x:  0.69697   0.25845   2.74988   0.16536   0.05934   0.32246   0.04672   0.02388   0.01416   0.01967   0.02118   0.05963   0.18306   0.27333   0.05472   0.06609   0.25336   0.39445   0.60663   0.27398   0.23686   2.82000   0.61140   0.09787  
 32  0.0789  12528.176455  x:  0.68404   0.24615   2.57682   0.18607   0.06908   0.32621   0.05399   0.02147   0.01443   0.01968   0.02829   0.06198   0.18798   0.27816   0.05812   0.06933   0.25212   0.39810   0.57178   0.27556   0.24237   2.70305   0.60715   0.09684  
 33  0.1883  12526.998710  x:  0.68443   0.23896   2.43663   0.20127   0.06877   0.31104   0.04467   0.02131   0.01491   0.01801   0.02549   0.06740   0.19463   0.28422   0.05382   0.07013   0.25369   0.40659   0.55692   0.27681   0.24242   2.62511   0.60931   0.09982  
 34  0.1224  12526.758957  x:  0.68709   0.25005   2.39453   0.20058   0.06696   0.31250   0.04707   0.02189   0.01502   0.01942   0.02388   0.06800   0.19176   0.28216   0.05253   0.06884   0.25595   0.40221   0.55475   0.27583   0.24094   2.60098   0.61447   0.10180  
 35  0.0481  12526.740058  x:  0.68640   0.25324   2.39661   0.19917   0.06662   0.31390   0.04596   0.02198   0.01494   0.01958   0.02399   0.06783   0.19161   0.28102   0.05289   0.06889   0.25506   0.40236   0.56044   0.27610   0.23950   2.60028   0.61582   0.10177  
 36  0.0068  12526.737836  x:  0.68537   0.25290   2.39291   0.19842   0.06646   0.31397   0.04619   0.02202   0.01491   0.01953   0.02405   0.06777   0.19149   0.28052   0.05297   0.06889   0.25447   0.40227   0.56192   0.27576   0.23935   2.59607   0.61571   0.10183  
 37  0.0041  12526.737109  x:  0.68577   0.25272   2.39356   0.19779   0.06653   0.31381   0.04617   0.02215   0.01485   0.01951   0.02407   0.06760   0.19152   0.28071   0.05282   0.06885   0.25464   0.40209   0.56283   0.27588   0.23948   2.59623   0.61554   0.10185  
 38  0.0007  12526.736803  x:  0.68553   0.25263   2.39261   0.19781   0.06655   0.31373   0.04620   0.02217   0.01480   0.01953   0.02401   0.06748   0.19147   0.28070   0.05293   0.06890   0.25472   0.40209   0.56235   0.27601   0.23932   2.59591   0.61566   0.10184  
 39  0.0006  12526.736724  x:  0.68544   0.25268   2.39222   0.19806   0.06652   0.31373   0.04620   0.02216   0.01478   0.01954   0.02405   0.06744   0.19148   0.28066   0.05291   0.06887   0.25466   0.40210   0.56187   0.27587   0.23937   2.59594   0.61575   0.10188  
 40  0.0005  12526.736706  x:  0.68541   0.25277   2.39228   0.19818   0.06651   0.31371   0.04621   0.02214   0.01477   0.01954   0.02403   0.06742   0.19151   0.28066   0.05289   0.06887   0.25464   0.40217   0.56189   0.27588   0.23935   2.59600   0.61572   0.10188  
 41  0.0001  12526.736703  x:  0.68544   0.25277   2.39224   0.19817   0.06652   0.31372   0.04621   0.02214   0.01477   0.01953   0.02403   0.06743   0.19148   0.28065   0.05289   0.06888   0.25465   0.40212   0.56190   0.27589   0.23936   2.59595   0.61571   0.10188  
 42  0.0001  12526.736702  x:  0.68546   0.25274   2.39228   0.19814   0.06652   0.31371   0.04621   0.02213   0.01476   0.01954   0.02403   0.06743   0.19149   0.28066   0.05290   0.06887   0.25465   0.40212   0.56193   0.27588   0.23937   2.59597   0.61571   0.10188  
 43  0.0000  12526.736702  x:  0.68546   0.25274   2.39227   0.19814   0.06652   0.31372   0.04621   0.02213   0.01476   0.01954   0.02403   0.06743   0.19149   0.28066   0.05290   0.06888   0.25465   0.40213   0.56193   0.27588   0.23937   2.59596   0.61571   0.10188  
 44  0.0000  12526.736702  x:  0.68546   0.25275   2.39229   0.19814   0.06652   0.31372   0.04621   0.02213   0.01476   0.01954   0.02403   0.06743   0.19149   0.28066   0.05290   0.06887   0.25465   0.40213   0.56193   0.27588   0.23937   2.59597   0.61571   0.10188  
 45  0.0000  12526.736702  x:  0.68546   0.25275   2.39228   0.19814   0.06652   0.31372   0.04621   0.02213   0.01476   0.01954   0.02403   0.06743   0.19149   0.28066   0.05290   0.06887   0.25465   0.40213   0.56193   0.27588   0.23937   2.59597   0.61571   0.10188  
 46  0.0000  12526.736702  x:  0.68546   0.25275   2.39228   0.19814   0.06652   0.31372   0.04621   0.02213   0.01476   0.01954   0.02403   0.06743   0.19149   0.28066   0.05290   0.06887   0.25465   0.40213   0.56193   0.27588   0.23937   2.59597   0.61571   0.10188  