

TREE # 1

  0  0.0000  13558.333663  x:  0.63068   0.14104   1.85057   0.27134   0.05027   0.33903   0.00000   0.00829   0.01859   0.01514   0.03690   0.14118   0.12566   0.15474   0.03428   0.08033   0.32850   0.35201   0.23471   0.19538   0.24988   0.52862   0.49319   0.52672  
  1 99.0000  13473.812232  x:  0.63264   0.14750   1.84787   0.27308   0.06232   0.33734   0.22394   0.05231   0.01163   0.02366   0.02831   0.13344   0.13512   0.17076   0.04876   0.07676   0.32151   0.35312   0.24178   0.20180   0.24901   0.60484   0.44887   0.52590  
  2 3931.2014  13243.139816  x:  0.63671   0.16386   1.83985   0.27721   0.08241   0.32411   0.22771   0.00796   0.02893   0.00960   0.00236   0.07333   0.15357   0.20363   0.05693   0.06633   0.30281   0.35424   0.26032   0.21769   0.24601   0.78824   0.32149   0.52415  
  3 1511.2782  13197.422567  x:  0.63775   0.16825   1.83769   0.27831   0.08759   0.32054   0.22723   0.00091   0.03232   0.00819   0.01090   0.05724   0.15843   0.21229   0.05890   0.06366   0.29777   0.35453   0.26534   0.22192   0.24520   0.83716   0.28711   0.52371  
  4 20577.9740  13099.306887  x:  0.64060   0.18044   1.83166   0.28138   0.10172   0.31052   0.21767   0.01221   0.04165   0.00587   0.02350   0.01257   0.17176   0.23612   0.06385   0.05633   0.28377   0.35531   0.27931   0.23364   0.24293   0.97252   0.19176   0.52249  
  5 35983.9791  13082.438323  x:  0.64103   0.18541   1.82986   0.28306   0.10572   0.30791   0.21215   0.01131   0.03492   0.03764   0.02244   0.01572   0.17616   0.24376   0.06408   0.05600   0.27883   0.35599   0.28563   0.23795   0.24233   1.01996   0.17231   0.52238  
  6 2436.8843  13037.971582  x:  0.64049   0.19576   1.82769   0.28743   0.11093   0.30508   0.20290   0.01300   0.00501   0.03502   0.02498   0.04629   0.18355   0.25591   0.06203   0.05963   0.27039   0.35821   0.29992   0.24595   0.24187   1.10306   0.18584   0.52295  
  7 1332.4726  12999.971379  x:  0.63750   0.21711   1.82392   0.29668   0.11718   0.30009   0.18943   0.01864   0.03979   0.03801   0.03526   0.10592   0.19649   0.27709   0.05541   0.06975   0.25376   0.36300   0.33094   0.26122   0.24110   1.26685   0.24545   0.52518  
  8 2414.7073  12987.020477  x:  0.62202   0.22104   1.81957   0.29221   0.08228   0.29422   0.19002   0.01860   0.02959   0.04995   0.03491   0.05792   0.17969   0.25548   0.04446   0.06883   0.24871   0.35931   0.34696   0.25312   0.23544   1.32031   0.29487   0.53426  
  9 290.1499  12984.857106  x:  0.61050   0.22005   1.81455   0.28507   0.06680   0.29554   0.18934   0.01867   0.03000   0.04977   0.03504   0.05990   0.16968   0.23868   0.05967   0.07499   0.25035   0.35799   0.35221   0.24509   0.23187   1.33213   0.29559   0.54158  
 10 157.2701  12983.258533  x:  0.59511   0.21887   1.80696   0.27492   0.05762   0.29955   0.18975   0.01873   0.03159   0.04816   0.03518   0.06754   0.16142   0.22060   0.05103   0.06966   0.25461   0.35876   0.35864   0.23604   0.22882   1.34071   0.29085   0.55214  
 11 155.7858  12981.652503  x:  0.56272   0.22178   1.78805   0.25384   0.07454   0.31091   0.18932   0.01876   0.03097   0.04887   0.03520   0.06392   0.16362   0.20807   0.05057   0.07474   0.26755   0.36827   0.37567   0.22740   0.23025   1.34684   0.29326   0.57823  
 12 85.2776  12980.213310  x:  0.53029   0.23815   1.75937   0.22652   0.06702   0.31441   0.18889   0.01880   0.03091   0.04909   0.03526   0.06380   0.16661   0.22261   0.05527   0.06459   0.27410   0.37012   0.39672   0.23182   0.23748   1.34549   0.29432   0.61405  
 13 84.3290  12979.606778  x:  0.51925   0.25039   1.74256   0.21534   0.06287   0.31205   0.18931   0.01871   0.03102   0.04864   0.03512   0.06421   0.16590   0.22794   0.04994   0.07490   0.27024   0.36919   0.40741   0.23511   0.23828   1.34292   0.29221   0.63252  
 14 105.9614  12979.015066  x:  0.51683   0.26808   1.71892   0.21098   0.06899   0.30471   0.18939   0.01869   0.03104   0.04857   0.03508   0.06451   0.16343   0.22321   0.05167   0.07166   0.25590   0.36737   0.42005   0.23705   0.23206   1.33908   0.29235   0.65351  
 15 58.4640  12978.507797  x:  0.52654   0.26807   1.67834   0.22265   0.06620   0.30168   0.18930   0.01869   0.03096   0.04866   0.03507   0.06431   0.17449   0.22138   0.05154   0.07183   0.26442   0.36016   0.42336   0.23310   0.22366   1.33977   0.29350   0.67394  
 16 22.7121  12977.720508  x:  0.54006   0.25198   1.60773   0.23863   0.06915   0.30150   0.18899   0.01872   0.03081   0.04892   0.03511   0.06385   0.16231   0.22189   0.05144   0.07193   0.26751   0.35754   0.41404   0.23909   0.23321   1.34480   0.29664   0.70157  
 17 50.7073  12977.345244  x:  0.54311   0.24627   1.57677   0.23624   0.06746   0.30655   0.18860   0.01876   0.03067   0.04921   0.03514   0.06325   0.16651   0.22488   0.05148   0.07178   0.25690   0.36301   0.39748   0.23240   0.23221   1.34831   0.29940   0.70785  
 18 32.7091  12976.676145  x:  0.53712   0.26784   1.54771   0.23429   0.06646   0.30192   0.18812   0.01879   0.03044   0.04938   0.03519   0.06268   0.16769   0.21745   0.05170   0.07157   0.26757   0.37278   0.37517   0.24074   0.23202   1.35418   0.30121   0.69054  
 19 10.4842  12974.384128  x:  0.48424   0.29428   1.48363   0.26498   0.07009   0.29746   0.18628   0.01881   0.03009   0.04893   0.03520   0.06282   0.15761   0.23044   0.05145   0.07134   0.26756   0.36915   0.36989   0.22754   0.22359   1.36417   0.30136   0.62076  
 20 29.0563  12972.674361  x:  0.46644   0.30019   1.45343   0.27226   0.06601   0.30900   0.18483   0.01880   0.02968   0.04845   0.03511   0.06205   0.17528   0.21744   0.05163   0.07130   0.25501   0.35781   0.38241   0.23760   0.24140   1.37209   0.30007   0.58113  
 21 49.3648  12961.604237  x:  0.53531   0.30069   1.38947   0.17271   0.07607   0.34017   0.17412   0.01914   0.02735   0.04697   0.03548   0.05956   0.15847   0.22916   0.05154   0.07029   0.26799   0.33476   0.47377   0.22352   0.23924   1.44198   0.30239   0.46271  
 22 31.9863  12941.826032  x:  0.54705   0.22022   1.40164   0.13384   0.06215   0.24517   0.15631   0.01956   0.02419   0.04232   0.03619   0.06605   0.18968   0.23408   0.05202   0.06845   0.25748   0.43120   0.55064   0.26809   0.20268   1.56771   0.29569   0.43690  
 23 57.7947  12874.556973  x:  0.59399   0.31331   1.68470   0.28387   0.04108   0.34737   0.08191   0.02171   0.00999   0.02604   0.03898   0.06628   0.18665   0.28147   0.05084   0.06592   0.23468   0.52697   0.54119   0.25055   0.24121   2.09529   0.25995   0.69622  
 24 115.8561  12855.309592  x:  0.55485   0.29210   1.76442   0.24966   0.09604   0.28268   0.06360   0.02260   0.00699   0.02379   0.04044   0.07147   0.20185   0.28497   0.04988   0.06494   0.23021   0.36455   0.45073   0.26289   0.23694   2.23803   0.26794   0.77289  
 25 154.7093  12855.248159  x:  0.55359   0.29069   1.76462   0.24967   0.09606   0.28764   0.06348   0.02261   0.00696   0.02380   0.04044   0.07117   0.20083   0.28528   0.04987   0.06495   0.22982   0.36322   0.45005   0.26909   0.23008   2.23845   0.26804   0.77319  
 26 10.1336  12850.813635  x:  0.54449   0.28075   1.75478   0.24590   0.09463   0.29185   0.04789   0.02287   0.01715   0.01996   0.04034   0.07958   0.19575   0.27632   0.05366   0.06502   0.24230   0.35408   0.44011   0.26448   0.22827   2.31160   0.26701   0.78088  
 27  0.1057  12848.972368  x:  0.54365   0.27704   1.72710   0.24404   0.08463   0.29645   0.03905   0.02251   0.01612   0.02049   0.03895   0.06752   0.18999   0.26675   0.05482   0.06531   0.24800   0.37171   0.45055   0.25573   0.23114   2.35477   0.27661   0.76800  
 28  0.0937  12848.142094  x:  0.54478   0.27548   1.70127   0.23806   0.07637   0.29287   0.04687   0.02129   0.01502   0.01914   0.03553   0.06375   0.18599   0.25652   0.05143   0.06591   0.24652   0.37642   0.45308   0.25405   0.23022   2.32544   0.27957   0.72529  
 29  0.0331  12847.438509  x:  0.54789   0.27609   1.69961   0.23393   0.08044   0.28879   0.04280   0.02000   0.01394   0.01623   0.03085   0.06811   0.18877   0.25971   0.05276   0.06566   0.24476   0.36668   0.44784   0.25847   0.22878   2.35232   0.28051   0.70048  
 30  0.0179  12846.896442  x:  0.54848   0.27540   1.70355   0.23331   0.08495   0.29192   0.04309   0.01881   0.01415   0.01933   0.02638   0.06882   0.19048   0.26505   0.05438   0.06517   0.24601   0.36550   0.44790   0.25894   0.22899   2.35869   0.28555   0.71194  
 31  0.0107  12846.777135  x:  0.54629   0.27697   1.71043   0.23748   0.08225   0.29460   0.04282   0.01865   0.01453   0.01919   0.02541   0.06972   0.18943   0.26462   0.05304   0.06547   0.24586   0.37413   0.45403   0.25689   0.22984   2.36315   0.28239   0.72653  
 32  0.0181  12846.743472  x:  0.54458   0.27705   1.71498   0.23847   0.08168   0.29352   0.04319   0.01880   0.01466   0.01934   0.02527   0.06877   0.18877   0.26263   0.05264   0.06573   0.24565   0.36979   0.45137   0.25616   0.23015   2.36664   0.28185   0.73720  
 33  0.0090  12846.698835  x:  0.54723   0.27790   1.71756   0.24126   0.08159   0.29413   0.04426   0.01943   0.01449   0.01907   0.02444   0.06817   0.18904   0.26232   0.05427   0.06532   0.24654   0.37124   0.44750   0.25850   0.22940   2.37297   0.28145   0.73957  
 34  0.0020  12846.635113  x:  0.54679   0.27713   1.71569   0.23821   0.08266   0.29405   0.04428   0.02105   0.01452   0.01909   0.02459   0.06767   0.18977   0.26396   0.05298   0.06514   0.24579   0.37194   0.45127   0.25679   0.23039   2.38499   0.28210   0.73928  
 35  0.0042  12846.622135  x:  0.54536   0.27716   1.71527   0.23825   0.08213   0.29391   0.04426   0.02122   0.01456   0.01923   0.02390   0.06797   0.18928   0.26361   0.05296   0.06576   0.24573   0.37104   0.45224   0.25677   0.22992   2.38434   0.28236   0.73327  
 36  0.0044  12846.615060  x:  0.54550   0.27731   1.71499   0.23869   0.08167   0.29413   0.04397   0.02152   0.01465   0.01940   0.02415   0.06843   0.18895   0.26309   0.05327   0.06560   0.24599   0.37075   0.45230   0.25717   0.22970   2.37777   0.28185   0.73151  
 37  0.0030  12846.609994  x:  0.54631   0.27703   1.71387   0.23798   0.08189   0.29409   0.04360   0.02164   0.01453   0.01937   0.02384   0.06827   0.18917   0.26305   0.05306   0.06537   0.24593   0.37095   0.45166   0.25695   0.23010   2.37216   0.28169   0.73280  
 38  0.0027  12846.609104  x:  0.54577   0.27702   1.71425   0.23840   0.08199   0.29399   0.04369   0.02165   0.01452   0.01931   0.02389   0.06820   0.18918   0.26324   0.05306   0.06561   0.24584   0.37104   0.45124   0.25687   0.22994   2.36985   0.28171   0.73343  
 39  0.0019  12846.609023  x:  0.54568   0.27707   1.71414   0.23844   0.08197   0.29401   0.04368   0.02166   0.01453   0.01927   0.02388   0.06822   0.18914   0.26324   0.05308   0.06554   0.24585   0.37092   0.45138   0.25688   0.22991   2.36979   0.28180   0.73359  
 40  0.0002  12846.609019  x:  0.54572   0.27708   1.71417   0.23843   0.08197   0.29402   0.04368   0.02166   0.01454   0.01927   0.02388   0.06822   0.18914   0.26323   0.05308   0.06555   0.24586   0.37093   0.45138   0.25687   0.22994   2.36983   0.28181   0.73360  
 41  0.0001  12846.609019  x:  0.54572   0.27708   1.71418   0.23843   0.08197   0.29402   0.04368   0.02166   0.01454   0.01927   0.02388   0.06822   0.18914   0.26323   0.05307   0.06555   0.24586   0.37093   0.45138   0.25688   0.22993   2.36982   0.28181   0.73360  
 42  0.0000  12846.609019  x:  0.54572   0.27708   1.71418   0.23843   0.08197   0.29402   0.04368   0.02166   0.01454   0.01927   0.02388   0.06822   0.18914   0.26323   0.05308   0.06555   0.24586   0.37093   0.45138   0.25688   0.22993   2.36982   0.28181   0.73360  6  
 43  0.0010  12846.609019  x:  0.54572   0.27708   1.71415   0.23844   0.08197   0.29402   0.04368   0.02166   0.01454   0.01927   0.02388   0.06821   0.18914   0.26323   0.05308   0.06556   0.24585   0.37092   0.45135   0.25688   0.22994   2.36981   0.28181   0.73358  
 44  0.0002  12846.609019  x:  0.54572   0.27708   1.71417   0.23843   0.08197   0.29402   0.04368   0.02166   0.01454   0.01927   0.02388   0.06822   0.18914   0.26322   0.05308   0.06555   0.24586   0.37094   0.45138   0.25688   0.22993   2.36982   0.28181   0.73359  
 45  0.0000  12846.609019  x:  0.54572   0.27708   1.71418   0.23843   0.08197   0.29402   0.04368   0.02166   0.01454   0.01927   0.02388   0.06822   0.18914   0.26323   0.05308   0.06555   0.24586   0.37093   0.45138   0.25688   0.22993   2.36982   0.28181   0.73360  
 46  0.0000  12846.609019  x:  0.54572   0.27708   1.71418   0.23843   0.08197   0.29402   0.04368   0.02166   0.01454   0.01927   0.02388   0.06822   0.18914   0.26323   0.05308   0.06555   0.24586   0.37093   0.45138   0.25688   0.22993   2.36982   0.28181   0.73360  
 47  0.0000  12846.609019  x:  0.54572   0.27708   1.71418   0.23843   0.08197   0.29402   0.04368   0.02166   0.01454   0.01927   0.02388   0.06822   0.18914   0.26323   0.05308   0.06555   0.24586   0.37093   0.45138   0.25688   0.22993   2.36982   0.28181   0.73360  
 48  0.0000  12846.609019  x:  0.54572   0.27708   1.71418   0.23843   0.08197   0.29402   0.04368   0.02166   0.01454   0.01927   0.02388   0.06822   0.18914   0.26323   0.05308   0.06555   0.24586   0.37093   0.45138   0.25688   0.22993   2.36982   0.28181   0.73360  
check convergence!
