

TREE # 1

  0  0.0000  14140.031341  x:  0.31202   0.06890   0.81719   0.14826   0.04111   0.19498   0.00000   0.03877   0.01507   0.01804   0.06994   0.12198   0.07924   0.09035   0.05174   0.06777   0.17761   0.20146   0.10359   0.09227   0.13469   1.00000   1.60000  
  1 99.0000  14044.696338  x:  0.32571   0.09486   0.82386   0.16133   0.05948   0.20364   0.24122   0.03031   0.01536   0.01798   0.05966   0.11988   0.09560   0.11380   0.05182   0.06790   0.18390   0.21178   0.12726   0.11449   0.14684   1.01527   1.58860  
  2 9001.0351  13827.321335  x:  0.37114   0.17123   0.84839   0.20242   0.10039   0.22287   0.23012   0.00000   0.01013   0.02229   0.02036   0.08632   0.13732   0.17441   0.05097   0.06800   0.20629   0.24493   0.19811   0.17597   0.18449   1.07268   1.54410  
  3 1863.6129  13761.957068  x:  0.39180   0.20590   0.85959   0.22106   0.11887   0.23160   0.22514   0.00447   0.00802   0.02417   0.00331   0.07106   0.15621   0.20187   0.05058   0.06804   0.21645   0.25999   0.23027   0.20382   0.20156   1.09894   1.52371  
  4 41856.4525  13648.739896  x:  0.45748   0.31330   0.89708   0.27858   0.17267   0.25927   0.21006   0.01186   0.01531   0.02620   0.06766   0.02130   0.21261   0.28490   0.04925   0.06783   0.24784   0.30699   0.32997   0.28808   0.25351   1.18822   1.45254  
  5 8941.4998  13600.607938  x:  0.47463   0.33165   0.91835   0.28426   0.16283   0.26413   0.20761   0.01221   0.01620   0.00431   0.07127   0.06586   0.20801   0.28664   0.04888   0.06652   0.24821   0.31260   0.34698   0.29055   0.25289   1.24808   1.39094  
  6 919.0813  13366.656764  x:  0.68865   0.54476   1.20550   0.33894   0.00000   0.31692   0.18468   0.01583   0.03218   0.16203   0.11448   0.60271   0.11968   0.27677   0.04591   0.04960   0.23989   0.37185   0.54547   0.28972   0.22167   2.06227   0.53463  
  7 6613.8610  13295.532694  x:  0.69516   0.54201   1.23782   0.33076   0.02728   0.31486   0.18438   0.01608   0.00280   0.16495   0.11836   0.60961   0.12177   0.26330   0.05644   0.06486   0.23550   0.37738   0.54855   0.27348   0.20931   2.15410   0.39278  
  8 1682.2438  13264.736050  x:  0.69753   0.53699   1.26029   0.32341   0.04716   0.31246   0.18431   0.01587   0.01646   0.16453   0.11633   0.60655   0.12513   0.25329   0.06276   0.07476   0.23245   0.38069   0.54855   0.26110   0.20048   2.21691   0.29129  
  9 6729.8505  13249.104620  x:  0.69596   0.52336   1.28889   0.31282   0.01990   0.30866   0.18675   0.01547   0.01217   0.15613   0.11302   0.57067   0.13450   0.24852   0.03910   0.04956   0.23418   0.37788   0.54435   0.25311   0.20074   2.27270   0.26184  
 10 439.1290  13231.233433  x:  0.69598   0.50726   1.32657   0.30163   0.00000   0.30600   0.18895   0.01506   0.01156   0.14885   0.10955   0.53858   0.14007   0.24215   0.05102   0.05406   0.23554   0.37706   0.54010   0.24320   0.20099   2.34366   0.26462  
 11 639.6924  13125.071475  x:  0.69542   0.33261   1.70928   0.19353   0.02074   0.28778   0.20395   0.01182   0.01879   0.10025   0.08222   0.30809   0.15396   0.16142   0.03924   0.02100   0.23770   0.37930   0.48771   0.13338   0.19412   3.06655   0.37776  
 12 2174.6519  13113.651854  x:  0.69187   0.30626   1.75289   0.18057   0.02001   0.28543   0.20558   0.01147   0.01947   0.09489   0.07929   0.28302   0.14884   0.16025   0.01957   0.04031   0.23766   0.37551   0.47739   0.13406   0.19765   3.14885   0.38932  
 13 1900.0888  13086.930988  x:  0.66166   0.20278   1.85880   0.14729   0.02772   0.27892   0.20842   0.01078   0.02028   0.08340   0.07347   0.23102   0.10069   0.19926   0.02276   0.03331   0.23438   0.34392   0.42582   0.20574   0.22527   3.34940   0.40547  
 14 884.1260  13083.514441  x:  0.64989   0.17781   1.87566   0.16424   0.02862   0.28885   0.20776   0.01081   0.02054   0.08470   0.07376   0.23569   0.13123   0.21598   0.02270   0.03336   0.23422   0.32761   0.40743   0.21382   0.21503   3.37807   0.40895  
 15 158.8354  13081.355915  x:  0.64267   0.17630   1.89174   0.22182   0.02800   0.30092   0.20844   0.01067   0.02062   0.08188   0.07241   0.22275   0.11841   0.21796   0.02226   0.03343   0.22946   0.31200   0.38289   0.21353   0.19761   3.39490   0.40958  
 16 72.2610  13080.093909  x:  0.64045   0.18805   1.90381   0.25098   0.02745   0.30026   0.20882   0.01059   0.02066   0.08163   0.07195   0.22121   0.12285   0.20617   0.02262   0.03362   0.23237   0.31828   0.33785   0.21719   0.21567   3.40312   0.40888  
 17 49.3540  13079.614916  x:  0.64013   0.19445   1.90900   0.25444   0.02712   0.29482   0.20884   0.01057   0.02066   0.08144   0.07182   0.22057   0.12078   0.21913   0.02267   0.03356   0.23572   0.32582   0.32117   0.21014   0.21417   3.40490   0.40875  
 18 30.0983  13074.231178  x:  0.61721   0.21197   1.96762   0.25160   0.02617   0.25810   0.20866   0.01050   0.02073   0.07846   0.07105   0.20913   0.13067   0.21372   0.02428   0.03495   0.19755   0.35307   0.31732   0.23479   0.18084   3.40256   0.40889  
 19  7.9999  13038.983664  x:  0.45134   0.24102   2.35831   0.22134   0.03931   0.24858   0.20806   0.00955   0.02027   0.06056   0.06303   0.13356   0.12441   0.18467   0.04593   0.05235   0.30059   0.36945   0.37266   0.22913   0.15973   3.36922   0.38077  
 20 96.3170  13019.873110  x:  0.45055   0.24964   2.52001   0.18793   0.04851   0.30889   0.20711   0.00903   0.02000   0.04919   0.05790   0.08330   0.12151   0.20971   0.05746   0.06116   0.22355   0.33181   0.37972   0.17951   0.21185   3.35853   0.36575  
 21 208.1961  13012.134317  x:  0.57283   0.21137   2.52827   0.17738   0.05315   0.31138   0.20805   0.00859   0.02009   0.04247   0.05437   0.05351   0.12308   0.19917   0.06146   0.06440   0.24001   0.31459   0.35600   0.19250   0.18577   3.36955   0.36340  
 22 76.5169  13009.053531  x:  0.61534   0.15662   2.51052   0.20483   0.05043   0.29190   0.20879   0.00838   0.02003   0.04065   0.05309   0.04604   0.12319   0.20084   0.06272   0.06528   0.23887   0.34429   0.36707   0.18182   0.20145   3.38032   0.36165  
 23 84.2937  13007.637732  x:  0.58501   0.16878   2.41332   0.20293   0.04675   0.31335   0.20870   0.00829   0.02014   0.03851   0.05212   0.03616   0.12201   0.19873   0.06184   0.06441   0.23830   0.36267   0.36186   0.18672   0.19353   3.42888   0.36943  
 24 15.9742  13006.636044  x:  0.56425   0.18642   2.34313   0.20655   0.04816   0.29317   0.20870   0.00826   0.02030   0.03711   0.05187   0.03101   0.12477   0.19988   0.06179   0.06435   0.23895   0.34358   0.36341   0.18370   0.19832   3.46461   0.37581  
 25 61.2699  12943.669364  x:  0.57132   0.36265   1.51755   0.25044   0.03817   0.30751   0.18403   0.00849   0.01787   0.03289   0.05281   0.05365   0.17469   0.24429   0.06638   0.06677   0.25522   0.40203   0.49374   0.23720   0.21514   3.06996   0.35897  
 26  1.4650  12928.347633  x:  0.59746   0.38872   1.88080   0.24132   0.03883   0.31441   0.17354   0.00838   0.01609   0.02642   0.05074   0.04328   0.18793   0.26102   0.06301   0.06443   0.25802   0.41745   0.54463   0.25949   0.22688   2.65775   0.31379  
 27  1.6556  12908.671327  x:  0.60549   0.34123   1.55085   0.22182   0.06541   0.27986   0.14082   0.00856   0.01420   0.01403   0.04245   0.04818   0.21376   0.29079   0.05760   0.06419   0.23854   0.36785   0.52694   0.29254   0.24223   2.25070   0.31110  
 28  0.2217  12895.438690  x:  0.56919   0.24465   1.56537   0.22441   0.09394   0.27491   0.11575   0.00858   0.01534   0.01847   0.03393   0.06364   0.20565   0.28373   0.05090   0.06505   0.23216   0.32705   0.40893   0.28424   0.23439   2.35149   0.33942  
 29  0.1178  12884.568830  x:  0.53044   0.27829   1.70531   0.23544   0.10958   0.31049   0.07185   0.00873   0.01447   0.01809   0.02396   0.06328   0.18691   0.26576   0.04650   0.06681   0.24543   0.36622   0.38938   0.25648   0.21998   2.19461   0.32614  
 30  0.1178  12878.963789  x:  0.57994   0.29064   1.61862   0.24040   0.11441   0.29030   0.04650   0.00946   0.01397   0.02033   0.02335   0.06617   0.17723   0.25015   0.05145   0.07058   0.24685   0.36757   0.42324   0.23657   0.22035   2.29556   0.32687  
 31  0.1001  12877.440021  x:  0.57546   0.29969   1.61723   0.22917   0.10381   0.27471   0.05007   0.01023   0.01428   0.02067   0.02872   0.06834   0.18287   0.25446   0.05141   0.06756   0.24348   0.35597   0.45084   0.24986   0.22869   2.35957   0.33328  
 32  0.0561  12876.671198  x:  0.57284   0.28927   1.62758   0.22524   0.09972   0.28085   0.03947   0.01098   0.01435   0.01949   0.02905   0.06906   0.18480   0.25804   0.05059   0.06567   0.24182   0.35286   0.44645   0.25670   0.23000   2.36161   0.33502  
 33  0.0182  12876.105118  x:  0.58196   0.27979   1.65662   0.22963   0.08710   0.29608   0.04289   0.01167   0.01458   0.01894   0.03078   0.06840   0.18536   0.26116   0.05216   0.06420   0.24314   0.36282   0.43759   0.25861   0.22708   2.38226   0.33109  
 34  0.0311  12875.613313  x:  0.57953   0.28649   1.64313   0.23635   0.07562   0.28641   0.03977   0.01272   0.01503   0.01884   0.03009   0.07279   0.18583   0.26097   0.05354   0.06375   0.24546   0.36817   0.43141   0.25251   0.22502   2.34987   0.32904  
 35  0.0161  12875.278363  x:  0.57289   0.28638   1.62165   0.23025   0.07387   0.28698   0.04295   0.01318   0.01541   0.01830   0.02665   0.07006   0.18486   0.25594   0.05443   0.06560   0.24021   0.36437   0.43051   0.24808   0.22653   2.34385   0.33274  
 36  0.0100  12874.837510  x:  0.57778   0.28437   1.66584   0.22528   0.07158   0.29202   0.04183   0.01478   0.01471   0.01961   0.02355   0.06758   0.18380   0.25297   0.05373   0.06656   0.24540   0.36382   0.44402   0.25372   0.22826   2.35492   0.33089  
 37  0.0125  12874.347811  x:  0.57867   0.28529   1.62408   0.23328   0.07435   0.28928   0.04318   0.01708   0.01345   0.02063   0.02363   0.06890   0.18623   0.26314   0.05180   0.06643   0.24530   0.36558   0.44202   0.26191   0.22628   2.36353   0.32935  
 38  0.0147  12873.956670  x:  0.57437   0.29080   1.64638   0.23426   0.07956   0.28819   0.04362   0.01988   0.01417   0.02012   0.02283   0.06792   0.18414   0.26257   0.05162   0.06745   0.23900   0.36510   0.43284   0.25250   0.22434   2.36231   0.33264  
 39  0.0099  12873.829449  x:  0.57937   0.28719   1.64136   0.23102   0.08020   0.28991   0.04345   0.02125   0.01443   0.01908   0.02439   0.06757   0.18562   0.26060   0.05199   0.06643   0.24324   0.36406   0.43663   0.25347   0.22676   2.36056   0.33131  
 40  0.0068  12873.817587  x:  0.57734   0.28715   1.63883   0.23117   0.08108   0.28912   0.04354   0.02159   0.01450   0.01920   0.02387   0.06789   0.18542   0.25867   0.05216   0.06632   0.24378   0.36383   0.43716   0.25313   0.22723   2.35750   0.33104  
 41  0.0038  12873.815001  x:  0.57726   0.28684   1.64074   0.23162   0.08101   0.28944   0.04354   0.02164   0.01458   0.01927   0.02396   0.06810   0.18532   0.25872   0.05251   0.06584   0.24315   0.36407   0.43749   0.25355   0.22689   2.35856   0.33110  
 42  0.0012  12873.814108  x:  0.57748   0.28684   1.63967   0.23141   0.08118   0.28938   0.04352   0.02159   0.01456   0.01922   0.02387   0.06796   0.18528   0.25898   0.05273   0.06558   0.24335   0.36393   0.43751   0.25366   0.22673   2.35822   0.33110  
 43  0.0007  12873.814028  x:  0.57736   0.28708   1.64003   0.23138   0.08122   0.28928   0.04354   0.02158   0.01454   0.01924   0.02388   0.06797   0.18528   0.25897   0.05274   0.06553   0.24341   0.36392   0.43741   0.25353   0.22682   2.35842   0.33109  
 44  0.0004  12873.814018  x:  0.57743   0.28702   1.63997   0.23138   0.08121   0.28931   0.04354   0.02159   0.01454   0.01924   0.02388   0.06797   0.18530   0.25896   0.05275   0.06552   0.24338   0.36393   0.43735   0.25351   0.22688   2.35835   0.33111  
 45  0.0001  12873.814018  x:  0.57742   0.28702   1.63995   0.23139   0.08120   0.28931   0.04354   0.02159   0.01453   0.01924   0.02388   0.06797   0.18531   0.25896   0.05274   0.06552   0.24338   0.36394   0.43737   0.25351   0.22687   2.35836   0.33111  
 46  0.0000  12873.814018  x:  0.57742   0.28702   1.63996   0.23139   0.08120   0.28931   0.04354   0.02159   0.01453   0.01924   0.02388   0.06797   0.18531   0.25896   0.05275   0.06552   0.24338   0.36393   0.43737   0.25350   0.22687   2.35835   0.33111  
 47  0.0000  12873.814018  x:  0.57742   0.28702   1.63996   0.23139   0.08120   0.28931   0.04354   0.02159   0.01453   0.01924   0.02388   0.06797   0.18531   0.25896   0.05275   0.06552   0.24338   0.36393   0.43737   0.25350   0.22687   2.35835   0.33111  
 48  0.0000  12873.814018  x:  0.57742   0.28702   1.63996   0.23139   0.08120   0.28931   0.04354   0.02159   0.01453   0.01924   0.02388   0.06797   0.18531   0.25896   0.05275   0.06552   0.24338   0.36393   0.43737   0.25351   0.22687   2.35835   0.33111  
 49  0.0000  12873.814018  x:  0.57742   0.28702   1.63996   0.23139   0.08120   0.28931   0.04354   0.02159   0.01453   0.01924   0.02388   0.06797   0.18531   0.25896   0.05275   0.06552   0.24338   0.36393   0.43737   0.25351   0.22687   2.35835   0.33111  