

TREE # 1

  0  0.0000  13592.681725  x:  0.23199   0.05346   0.62430   0.15008   0.07604   0.13916   0.00000   0.06427   0.07050   0.05302   0.07857   0.10178   0.04844   0.07472   0.07987   0.07238   0.17016   0.18256   0.12338   0.06839   0.08638   1.00000   1.12539   0.10576   0.28709  
  1 99.0000  13217.738551  x:  0.31506   0.19485   0.66782   0.19538   0.10442   0.20273   0.59055   0.01684   0.01076   0.00000   0.03380   0.09543   0.16547   0.18760   0.05574   0.06274   0.19685   0.22388   0.19810   0.19787   0.18204   1.04657   1.13583   0.09641   0.16805  
  2 6508.5452  13180.528755  x:  0.32402   0.21008   0.67252   0.20026   0.10748   0.20958   0.65411   0.01175   0.00437   0.00209   0.02898   0.09474   0.17807   0.19976   0.05314   0.06170   0.19972   0.22833   0.20615   0.21182   0.19234   1.05160   1.13695   0.09540   0.15521  
  3 584753.0757  13138.605665  x:  0.34770   0.23485   0.69738   0.21648   0.11199   0.22147   0.66169   0.01939   0.09381   0.00210   0.02513   0.07650   0.18661   0.21435   0.04985   0.06295   0.20826   0.24462   0.23074   0.22652   0.20547   1.07635   1.13982   0.09250   0.10467  
  4 1893.6200  13041.215621  x:  0.40720   0.28936   0.77170   0.25793   0.11901   0.25041   0.60998   0.03329   0.06422   0.00199   0.02718   0.01768   0.19656   0.24230   0.04518   0.06671   0.22855   0.28656   0.29353   0.25286   0.23047   1.14855   1.14177   0.08927   0.04802  
  5 1145.9460  13001.130021  x:  0.42695   0.30791   0.79676   0.27124   0.12071   0.26050   0.59683   0.03362   0.06292   0.00198   0.02394   0.00000   0.20031   0.25173   0.04323   0.06706   0.23466   0.29986   0.31414   0.26197   0.23873   1.17342   1.14121   0.08920   0.05790  
  6 3458.4696  12849.724229  x:  0.61626   0.48349   1.04534   0.39747   0.13453   0.36767   0.45990   0.03144   0.04632   0.00183   0.00000   0.07085   0.23605   0.34049   0.03412   0.07296   0.29203   0.42657   0.51152   0.34751   0.31551   1.42099   1.13438   0.08919   0.13116  
  7 4192.9046  12828.877385  x:  0.65983   0.52406   1.10286   0.42632   0.13739   0.39234   0.43027   0.03148   0.04364   0.00180   0.01468   0.08669   0.24453   0.36105   0.03262   0.07431   0.30500   0.45548   0.55688   0.36740   0.33319   1.47843   1.13249   0.08946   0.15012  
  8 29038.2577  12820.240150  x:  0.66500   0.52850   1.12351   0.42508   0.12692   0.39331   0.42782   0.01308   0.04396   0.00182   0.01609   0.08666   0.24502   0.36167   0.05591   0.07809   0.30006   0.45335   0.56153   0.36828   0.33087   1.50216   1.12356   0.09680   0.14878  
  9 437.5795  12799.826040  x:  0.67446   0.53606   1.22007   0.40280   0.06373   0.38783   0.43831   0.05021   0.04401   0.00180   0.01331   0.08781   0.24582   0.35613   0.12200   0.07539   0.26428   0.42666   0.56699   0.36541   0.30904   1.61735   1.06911   0.14222   0.15013  
 10 658.8628  12768.792774  x:  0.67385   0.53216   1.33355   0.36655   0.00000   0.37767   0.44722   0.03787   0.04464   0.00182   0.01420   0.08841   0.24722   0.34530   0.09988   0.03650   0.22433   0.39410   0.56300   0.35665   0.27743   1.75422   0.99649   0.20313   0.13970  
 11 851.5978  12733.626610  x:  0.64827   0.50097   1.52321   0.28971   0.01856   0.35898   0.46900   0.02740   0.04625   0.00185   0.01483   0.08812   0.25948   0.32599   0.04442   0.11046   0.17611   0.35537   0.53910   0.33548   0.21924   1.98801   0.86314   0.31430   0.12731  
 12 797.6618  12710.357015  x:  0.59805   0.44470   1.66256   0.21980   0.11158   0.34786   0.48285   0.02917   0.04765   0.00186   0.01458   0.08687   0.27564   0.32020   0.06014   0.06236   0.21774   0.34967   0.50654   0.32712   0.20371   2.16236   0.75579   0.40120   0.11969  
 13 520.0390  12703.599019  x:  0.55469   0.39636   1.70650   0.20246   0.09167   0.34165   0.48487   0.02898   0.04821   0.00186   0.01451   0.08665   0.26563   0.32754   0.05449   0.07581   0.26669   0.35401   0.49406   0.34766   0.26186   2.21502   0.71718   0.42666   0.11820  
 14 169.9886  12702.553793  x:  0.53716   0.37471   1.71671   0.21783   0.09177   0.34993   0.48936   0.02918   0.04843   0.00187   0.01448   0.08617   0.25654   0.32316   0.05564   0.07375   0.24985   0.37823   0.49723   0.34700   0.27197   2.22069   0.70453   0.42672   0.11773  
 15 45.4306  12702.099253  x:  0.53389   0.36487   1.72589   0.23372   0.08479   0.35839   0.49253   0.02936   0.04858   0.00187   0.01445   0.08569   0.25681   0.33013   0.05532   0.07592   0.26055   0.38595   0.49228   0.33533   0.25965   2.21733   0.68834   0.41589   0.11753  
 16 17.8391  12698.329603  x:  0.58021   0.34900   1.81952   0.32824   0.09428   0.37080   0.48560   0.02903   0.04827   0.00187   0.01451   0.08476   0.25557   0.32398   0.05547   0.07452   0.25958   0.36197   0.38879   0.33788   0.28197   2.15808   0.48364   0.25075   0.11500  
 17 22.6866  12691.027154  x:  0.55871   0.37402   1.92481   0.31718   0.08521   0.29384   0.46130   0.02845   0.04581   0.00186   0.01462   0.08764   0.27059   0.36105   0.05569   0.07481   0.25338   0.42052   0.37222   0.37840   0.25813   2.08980   0.11042  -0.13549   0.11411  
 18 60.0924  12674.745009  x:  0.46933   0.41378   2.09794   0.22330   0.07717   0.38930   0.40908   0.02674   0.03970   0.00183   0.01482   0.08123   0.31352   0.32197   0.05298   0.07722   0.25714   0.40504   0.47507   0.39761   0.25520   1.98778  -0.76472  -1.08788   0.10718  
 19 268.2545  12666.366874  x:  0.50066   0.39483   2.10221   0.21240   0.09987   0.36403   0.40808   0.02467   0.03578   0.00182   0.01505   0.08227   0.22176   0.34687   0.04991   0.07271   0.26317   0.36721   0.56381   0.33377   0.28142   2.01325  -1.16800  -1.52128   0.10375  
 20 197.3891  12655.797428  x:  0.63583   0.28833   1.94263   0.21011   0.08519   0.34665   0.38126   0.02359   0.02935   0.00180   0.01519   0.08150   0.28623   0.32682   0.04754   0.07386   0.26533   0.40823   0.58119   0.31275   0.30035   2.18632  -1.64312  -2.04578   0.09981  
 21 123.4878  12649.426418  x:  0.62885   0.30947   1.79520   0.25597   0.08619   0.38905   0.35067   0.02300   0.02487   0.00177   0.01538   0.07947   0.24172   0.36341   0.04609   0.07293   0.26400   0.40786   0.53342   0.39421   0.26156   2.33410  -1.90268  -2.30505   0.09529  
 22 102.9390  12645.647386  x:  0.56692   0.38841   1.71579   0.33107   0.08595   0.36361   0.33229   0.02226   0.02186   0.00175   0.01559   0.08075   0.26558   0.33966   0.04493   0.07261   0.27396   0.40465   0.51331   0.36930   0.27874   2.42331  -2.02330  -2.41106   0.09310  
 23 63.3327  12642.100285  x:  0.54916   0.41478   1.72762   0.30968   0.08532   0.38481   0.31050   0.02218   0.01945   0.00173   0.01565   0.07925   0.28025   0.39891   0.04530   0.07017   0.24549   0.41383   0.47211   0.32007   0.31457   2.44926  -1.99469  -2.42888   0.09276  
 24 11.5366  12606.547883  x:  0.53703   0.41873   1.95856   0.28278   0.08218   0.37061   0.23554   0.01823   0.00337   0.00168   0.01629   0.07656   0.23289   0.33587   0.03972   0.07012   0.26593   0.43365   0.44806   0.31602   0.29898   2.50891  -1.63882  -2.37160   0.09260  
 25 28.1613  12603.562096  x:  0.53663   0.40610   1.96671   0.29367   0.08593   0.36754   0.21573   0.01830   0.00192   0.00167   0.01642   0.07710   0.25825   0.36295   0.04104   0.06875   0.25570   0.41344   0.48123   0.32989   0.29874   2.48958  -1.63712  -2.31818   0.09139  
 26 45.8713  12600.167451  x:  0.56994   0.43976   1.96132   0.26125   0.07546   0.38879   0.20098   0.01904   0.00136   0.00166   0.01664   0.07761   0.23953   0.34961   0.04303   0.07258   0.26890   0.45775   0.49136   0.31975   0.30781   2.44960  -1.66322  -2.21109   0.08795  
 27 23.2190  12546.141377  x:  0.59779   0.45087   2.19488   0.22400   0.06985   0.39889   0.04012   0.01816   0.00355   0.00156   0.01813   0.07770   0.25882   0.36813   0.04800   0.07374   0.26920   0.46934   0.59093   0.34480   0.30698   2.35878  -1.21281  -1.61750   0.08074  
 28 16.1961  12517.609136  x:  0.56867   0.39663   2.50539   0.17852   0.07334   0.35436   0.02556   0.02132   0.00324   0.00158   0.01819   0.07436   0.19911   0.28760   0.05577   0.07331   0.27733   0.44861   0.59034   0.30968   0.26750   2.36435   0.20872  -0.42884   0.08531  
 29  4.1138  12510.802941  x:  0.57188   0.35362   2.54481   0.17099   0.07489   0.34064   0.05990   0.02319   0.00408   0.00163   0.01804   0.07282   0.18632   0.27500   0.05930   0.07350   0.27692   0.43629   0.61177   0.29377   0.25362   2.37068   0.36236  -0.20140   0.08228  
 30  1.1986  12504.047809  x:  0.57378   0.27745   2.52335   0.19049   0.07568   0.31160   0.05295   0.02311   0.00497   0.00168   0.01837   0.06836   0.17782   0.27433   0.05684   0.07100   0.26742   0.40864   0.61236   0.26818   0.23684   2.55923  -0.05047  -0.59775   0.07200  
 31  0.9124  12501.253677  x:  0.60513   0.26487   2.53066   0.17559   0.06685   0.31759   0.04526   0.02050   0.00642   0.00176   0.01933   0.06776   0.20131   0.29504   0.04897   0.06921   0.25129   0.40251   0.61187   0.27091   0.23530   2.58219   0.14658  -0.32650   0.06919  
 32  0.3675  12498.438734  x:  0.63100   0.28778   2.50456   0.17823   0.05570   0.32199   0.03939   0.02287   0.00849   0.00190   0.02048   0.06666   0.18965   0.27589   0.05459   0.06814   0.24899   0.40744   0.57255   0.28598   0.23725   2.67728   0.14112  -0.41731   0.07066  
 33  0.1068  12494.780050  x:  0.60876   0.29808   2.55228   0.22805   0.06031   0.30375   0.05096   0.02232   0.01323   0.00231   0.02385   0.06802   0.19601   0.29165   0.05323   0.06457   0.26044   0.40230   0.60659   0.27409   0.24676   2.71794   0.14120  -0.43607   0.07451  
 34  0.0282  12492.562348  x:  0.60503   0.29059   2.62055   0.20095   0.05912   0.33947   0.04980   0.02285   0.01744   0.00268   0.02645   0.06331   0.18438   0.28528   0.05219   0.06993   0.26547   0.42459   0.62766   0.28686   0.24267   2.70735   0.09259  -0.38146   0.06821  
 35  0.0630  12491.485238  x:  0.61047   0.28907   2.68990   0.17529   0.06432   0.32340   0.04673   0.02377   0.02074   0.00304   0.02851   0.06287   0.20432   0.29113   0.05454   0.07151   0.25797   0.42326   0.62606   0.28421   0.24564   2.69969   0.11139  -0.41088   0.06995  
 36  0.0503  12491.063148  x:  0.61020   0.29505   2.72214   0.17332   0.06756   0.31639   0.04631   0.02181   0.02248   0.00327   0.02974   0.06396   0.19220   0.28627   0.05051   0.06980   0.26234   0.41962   0.62680   0.28576   0.24323   2.68133   0.10195  -0.42694   0.07081  
 37  0.0336  12490.610831  x:  0.60644   0.29308   2.72299   0.18713   0.06695   0.32361   0.04726   0.02350   0.02439   0.00358   0.03042   0.06507   0.19029   0.29031   0.05560   0.06918   0.26407   0.40785   0.62415   0.28602   0.24355   2.63753   0.05444  -0.44326   0.07119  
 38  0.0354  12489.869913  x:  0.59999   0.28211   2.65082   0.19880   0.05776   0.32982   0.04781   0.02201   0.02559   0.00404   0.03025   0.06644   0.19813   0.27900   0.05203   0.06861   0.25904   0.40991   0.58295   0.27483   0.24304   2.60449   0.06300  -0.47599   0.07128  
 39  0.0340  12488.933730  x:  0.59781   0.28404   2.48237   0.20484   0.05925   0.31363   0.04299   0.02242   0.02517   0.00451   0.02832   0.07159   0.19001   0.28707   0.05282   0.06844   0.24919   0.41335   0.56152   0.28173   0.23914   2.57070   0.14378  -0.40012   0.07254  
 40  0.0909  12488.381022  x:  0.59232   0.29270   2.38568   0.20082   0.06860   0.31690   0.04296   0.02221   0.02416   0.00476   0.02667   0.07307   0.19210   0.27702   0.05300   0.06853   0.26140   0.40451   0.58329   0.27779   0.23880   2.58093   0.11766  -0.42725   0.07343  
 41  0.0519  12487.527973  x:  0.59110   0.27927   2.45523   0.16651   0.07792   0.32859   0.04642   0.02149   0.02445   0.00540   0.02555   0.06913   0.18380   0.29260   0.05155   0.07166   0.26441   0.39566   0.60754   0.27736   0.24243   2.61863   0.13534  -0.43335   0.07347  
 42  0.0227  12484.742135  x:  0.61306   0.28041   2.60263   0.17155   0.07386   0.31193   0.04667   0.02212   0.02456   0.00810   0.01954   0.06324   0.20490   0.27618   0.05283   0.07420   0.26260   0.41856   0.62296   0.28157   0.24732   2.65140   0.15232  -0.33716   0.07086  
 43  0.0416  12483.802263  x:  0.60696   0.29341   2.56814   0.20081   0.06519   0.32322   0.04760   0.02202   0.02361   0.00930   0.01670   0.06390   0.19210   0.28963   0.05269   0.06930   0.25849   0.41574   0.59309   0.28224   0.24059   2.64813   0.09414  -0.43705   0.07255  
 44  0.0915  12483.105307  x:  0.59649   0.28533   2.66847   0.19324   0.05812   0.32081   0.04638   0.02249   0.02426   0.01045   0.01866   0.06543   0.18637   0.28035   0.05396   0.06565   0.26010   0.40223   0.60466   0.28331   0.24272   2.62564   0.11891  -0.43604   0.07233  
 45  0.0263  12480.979575  x:  0.59283   0.29748   2.70010   0.13167   0.05824   0.32052   0.04374   0.02298   0.01738   0.01451   0.01834   0.07220   0.19968   0.28602   0.05273   0.07119   0.25835   0.42267   0.66582   0.27342   0.25112   2.63851   0.08248  -0.43895   0.06947  
 46  0.0222  12479.957187  x:  0.60307   0.29037   2.67643   0.17838   0.06201   0.32775   0.04504   0.02200   0.01452   0.01640   0.02124   0.07611   0.19568   0.28896   0.05304   0.06897   0.25682   0.41599   0.63472   0.29508   0.23609   2.64486   0.06840  -0.45349   0.06943  
 47  0.0393  12479.596044  x:  0.60955   0.29242   2.66109   0.19591   0.06445   0.32672   0.04492   0.02224   0.01551   0.01712   0.02362   0.07545   0.18979   0.28928   0.05425   0.06872   0.25996   0.41550   0.60451   0.27874   0.24397   2.65082   0.09698  -0.41282   0.06981  
 48  0.0437  12479.352713  x:  0.61008   0.28476   2.62627   0.19242   0.06740   0.32168   0.04564   0.02223   0.01480   0.01865   0.02433   0.07213   0.19642   0.28605   0.05315   0.07062   0.26254   0.41430   0.59733   0.28504   0.24673   2.66491   0.10296  -0.40312   0.07049  
 49  0.0181  12479.199512  x:  0.60440   0.29106   2.60243   0.18864   0.06517   0.32297   0.04666   0.02222   0.01495   0.01971   0.02411   0.06766   0.19343   0.28735   0.05306   0.06983   0.26032   0.41482   0.60621   0.28296   0.24108   2.64508   0.10039  -0.41649   0.07154  
 50  0.0175  12479.193546  x:  0.60494   0.29033   2.59595   0.18932   0.06468   0.32238   0.04679   0.02224   0.01484   0.01973   0.02402   0.06756   0.19301   0.28686   0.05328   0.06937   0.25959   0.41428   0.60642   0.28265   0.24304   2.63969   0.10062  -0.41821   0.07156  
 51  0.0084  12479.193177  x:  0.60552   0.29005   2.59531   0.18928   0.06455   0.32217   0.04681   0.02226   0.01486   0.01967   0.02405   0.06749   0.19321   0.28675   0.05328   0.06940   0.25978   0.41417   0.60649   0.28274   0.24277   2.63820   0.10156  -0.41784   0.07155  
 52  0.0013  12479.193042  x:  0.60543   0.29019   2.59507   0.18916   0.06461   0.32223   0.04683   0.02225   0.01482   0.01962   0.02409   0.06744   0.19314   0.28681   0.05324   0.06940   0.25975   0.41421   0.60654   0.28265   0.24284   2.63835   0.10115  -0.41816   0.07155  
 53  0.0003  12479.193025  x:  0.60532   0.29017   2.59513   0.18923   0.06460   0.32221   0.04683   0.02225   0.01483   0.01960   0.02409   0.06743   0.19313   0.28679   0.05326   0.06939   0.25971   0.41419   0.60645   0.28269   0.24283   2.63839   0.10117  -0.41818   0.07156  
 54  0.0002  12479.193025  x:  0.60531   0.29017   2.59512   0.18923   0.06460   0.32220   0.04683   0.02225   0.01482   0.01960   0.02409   0.06743   0.19314   0.28678   0.05326   0.06939   0.25971   0.41419   0.60644   0.28269   0.24282   2.63840   0.10125  -0.41813   0.07157  
 55  0.0001  12479.193025  x:  0.60531   0.29016   2.59513   0.18923   0.06460   0.32220   0.04683   0.02225   0.01482   0.01960   0.02409   0.06743   0.19314   0.28678   0.05326   0.06939   0.25972   0.41419   0.60644   0.28269   0.24282   2.63839   0.10121  -0.41815   0.07157  
 56  0.0000  12479.193025  x:  0.60531   0.29016   2.59513   0.18923   0.06460   0.32220   0.04683   0.02225   0.01482   0.01960   0.02409   0.06743   0.19314   0.28678   0.05326   0.06939   0.25972   0.41419   0.60644   0.28268   0.24282   2.63839   0.10122  -0.41815   0.07157  
 57  0.0000  12479.193025  x:  0.60531   0.29016   2.59513   0.18923   0.06460   0.32220   0.04683   0.02225   0.01482   0.01960   0.02409   0.06743   0.19314   0.28678   0.05326   0.06939   0.25972   0.41419   0.60644   0.28268   0.24282   2.63839   0.10122  -0.41815   0.07157  