Supplemental results for CODEML (seqf: /dados/leticia/codeml_tutorial/exercise4/ex4_results/seqfile.txt  treef: treefile_M1.txt)


MLEs of dN/dS (w) for site classes (K=2)

p:   0.55200  0.44800
w:   0.06101  1.00000

Naive Empirical Bayes (NEB) probabilities for 2 classes & postmean_w
(amino acids refer to 1st sequence: AJ344371)

   1 M   0.99999 0.00001 ( 1)  0.061
   2 G   0.99932 0.00068 ( 1)  0.062
   3 A   0.99982 0.00018 ( 1)  0.061
   4 S   0.99969 0.00031 ( 1)  0.061
   5 G   1.00000 0.00000 ( 1)  0.061
   6 S   0.97629 0.02371 ( 1)  0.083
   7 K   0.99999 0.00001 ( 1)  0.061
   8 R   0.00015 0.99985 ( 2)  1.000
   9 R   0.00000 1.00000 ( 2)  1.000
  10 S   0.97629 0.02371 ( 1)  0.083
  11 R   0.00000 1.00000 ( 2)  1.000
  12 S   0.86832 0.13168 ( 1)  0.185
  13 L   0.00000 1.00000 ( 2)  1.000
  14 Q   0.00000 1.00000 ( 2)  1.000
  15 G   0.01131 0.98869 ( 2)  0.989
  16 L   0.99735 0.00265 ( 1)  0.063
  17 Q   0.00000 1.00000 ( 2)  1.000
  18 E   0.91236 0.08764 ( 1)  0.143
  19 R   0.99999 0.00001 ( 1)  0.061
  20 L   0.97919 0.02081 ( 1)  0.081
  21 L   0.84417 0.15583 ( 1)  0.207
  22 R   0.00062 0.99938 ( 2)  0.999
  23 A   0.61936 0.38064 ( 1)  0.418
  24 R   0.00000 1.00000 ( 2)  1.000
  25 G   0.97721 0.02279 ( 1)  0.082
  26 E   0.00003 0.99997 ( 2)  1.000
  27 T   0.00000 1.00000 ( 2)  1.000
  28 C   0.00001 0.99999 ( 2)  1.000
  29 G   0.99998 0.00002 ( 1)  0.061
  30 G   0.50119 0.49881 ( 1)  0.529
  31 R   0.00000 1.00000 ( 2)  1.000
  32 C   0.00000 1.00000 ( 2)  1.000
  33 N   0.00000 1.00000 ( 2)  1.000
  34 E   0.00000 1.00000 ( 2)  1.000
  35 S   0.40953 0.59047 ( 2)  0.615
  36 E   0.00000 1.00000 ( 2)  1.000
  37 G   0.00182 0.99818 ( 2)  0.998
  38 G   0.00000 1.00000 ( 2)  1.000
  39 Y   0.00196 0.99804 ( 2)  0.998
  40 L   0.00000 1.00000 ( 2)  1.000
  41 Q   0.00005 0.99995 ( 2)  1.000
  42 S   0.00000 1.00000 ( 2)  1.000
  43 H   0.39263 0.60737 ( 2)  0.631
  44 E   0.03095 0.96905 ( 2)  0.971
  45 G   0.00000 1.00000 ( 2)  1.000
  46 S   0.99896 0.00104 ( 1)  0.062
  47 G   0.00000 1.00000 ( 2)  1.000
  48 R   0.24291 0.75709 ( 2)  0.772
  49 E   0.00014 0.99986 ( 2)  1.000
  50 Q   0.99873 0.00127 ( 1)  0.062
  51 R   0.00000 1.00000 ( 2)  1.000
  52 S   0.00025 0.99975 ( 2)  1.000
  53 P   0.14006 0.85994 ( 2)  0.868
  54 S   0.97675 0.02325 ( 1)  0.083
  55 C   0.95744 0.04256 ( 1)  0.101
  56 E   0.99999 0.00001 ( 1)  0.061
  57 G   1.00000 0.00000 ( 1)  0.061
  58 Q   0.54853 0.45147 ( 1)  0.485
  59 R   0.00001 0.99999 ( 2)  1.000
  60 Y   0.99749 0.00251 ( 1)  0.063
  61 Q   0.00000 1.00000 ( 2)  1.000
  62 E   0.00090 0.99910 ( 2)  0.999
  63 G   1.00000 0.00000 ( 1)  0.061
  64 D   0.67947 0.32053 ( 1)  0.362
  65 Y   0.44507 0.55493 ( 2)  0.582
  66 M   0.99814 0.00186 ( 1)  0.063
  67 N   0.99991 0.00009 ( 1)  0.061
  68 T   0.99172 0.00828 ( 1)  0.069
  69 P   0.99981 0.00019 ( 1)  0.061
  70 W   0.44876 0.55124 ( 2)  0.579
  71 R   0.14208 0.85792 ( 2)  0.867
  72 T   0.00000 1.00000 ( 2)  1.000
  73 P   0.99673 0.00327 ( 1)  0.064
  74 A   0.02903 0.97097 ( 2)  0.973
  75 T   0.00000 1.00000 ( 2)  1.000
  76 E   0.99214 0.00786 ( 1)  0.068
  77 R   0.00000 1.00000 ( 2)  1.000
  78 E   0.99984 0.00016 ( 1)  0.061
  79 K   0.00000 1.00000 ( 2)  1.000
  80 E   0.00000 1.00000 ( 2)  1.000
  81 L   0.00000 1.00000 ( 2)  1.000
  82 Y   0.89855 0.10145 ( 1)  0.156
  83 K   0.00000 1.00000 ( 2)  1.000
  84 Q   0.99966 0.00034 ( 1)  0.061
  85 Q   0.99460 0.00540 ( 1)  0.066
  86 N   0.99993 0.00007 ( 1)  0.061
  87 M   0.99999 0.00001 ( 1)  0.061
  88 D   0.99996 0.00004 ( 1)  0.061
  89 D   0.99927 0.00073 ( 1)  0.062
  90 V   0.99976 0.00024 ( 1)  0.061
  91 D   0.99996 0.00004 ( 1)  0.061
  92 L   0.00002 0.99998 ( 2)  1.000
  93 D   0.99942 0.00058 ( 1)  0.062
  94 D   0.99938 0.00062 ( 1)  0.062
  95 D   0.25096 0.74904 ( 2)  0.764
  96 D   0.63782 0.36218 ( 1)  0.401
  97 Q   0.00000 1.00000 ( 2)  1.000
  98 V   0.05610 0.94390 ( 2)  0.947
  99 G   0.99999 0.00001 ( 1)  0.061
 100 F   0.00012 0.99988 ( 2)  1.000
 101 P   0.00000 1.00000 ( 2)  1.000
 102 V   0.99288 0.00712 ( 1)  0.068
 103 T   0.00000 1.00000 ( 2)  1.000
 104 P   0.95189 0.04811 ( 1)  0.106
 105 K   0.00000 1.00000 ( 2)  1.000
 106 V   0.02635 0.97365 ( 2)  0.975
 107 P   0.00001 0.99999 ( 2)  1.000
 108 L   0.93706 0.06294 ( 1)  0.120
 109 R   0.99999 0.00001 ( 1)  0.061
 110 P   0.00000 1.00000 ( 2)  1.000
 111 M   0.99999 0.00001 ( 1)  0.061
 112 T   0.99997 0.00003 ( 1)  0.061
 113 F   0.00000 1.00000 ( 2)  1.000
 114 K   0.00000 1.00000 ( 2)  1.000
 115 L   0.00000 1.00000 ( 2)  1.000
 116 A   0.99999 0.00001 ( 1)  0.061
 117 V   0.00000 1.00000 ( 2)  1.000
 118 D   0.99995 0.00005 ( 1)  0.061
 119 M   0.99999 0.00001 ( 1)  0.061
 120 S   0.99893 0.00107 ( 1)  0.062
 121 H   0.90320 0.09680 ( 1)  0.152
 122 F   0.00000 1.00000 ( 2)  1.000
 123 L   0.99993 0.00007 ( 1)  0.061
 124 K   1.00000 0.00000 ( 1)  0.061
 125 E   0.00000 1.00000 ( 2)  1.000
 126 K   0.96664 0.03336 ( 1)  0.092
 127 G   0.99998 0.00002 ( 1)  0.061
 128 G   1.00000 0.00000 ( 1)  0.061
 129 L   0.99244 0.00756 ( 1)  0.068
 130 E   0.99999 0.00001 ( 1)  0.061
 131 G   0.99998 0.00002 ( 1)  0.061
 132 I   0.64531 0.35469 ( 1)  0.394
 133 F   0.00311 0.99689 ( 2)  0.997
 134 Y   0.91356 0.08644 ( 1)  0.142
 135 S   0.39074 0.60926 ( 2)  0.633
 136 H   0.00000 1.00000 ( 2)  1.000
 137 R   0.12704 0.87296 ( 2)  0.881
 138 R   0.99999 0.00001 ( 1)  0.061
 139 H   0.90819 0.09181 ( 1)  0.147
 140 K   0.00000 1.00000 ( 2)  1.000
 141 I   0.99459 0.00541 ( 1)  0.066
 142 L   0.99280 0.00720 ( 1)  0.068
 143 D   0.99992 0.00008 ( 1)  0.061
 144 L   0.00026 0.99974 ( 2)  1.000
 145 Y   0.99378 0.00622 ( 1)  0.067
 146 L   0.88976 0.11024 ( 1)  0.165
 147 E   0.99998 0.00002 ( 1)  0.061
 148 K   0.49408 0.50592 ( 2)  0.536
 149 E   0.99970 0.00030 ( 1)  0.061
 150 E   0.99992 0.00008 ( 1)  0.061
 151 G   0.99998 0.00002 ( 1)  0.061
 152 I   0.99914 0.00086 ( 1)  0.062
 153 V   0.00444 0.99556 ( 2)  0.996
 154 A   0.00002 0.99998 ( 2)  1.000
 155 D   0.99996 0.00004 ( 1)  0.061
 156 W   0.99528 0.00472 ( 1)  0.065
 157 Q   0.99879 0.00121 ( 1)  0.062
 158 N   0.00477 0.99523 ( 2)  0.996
 159 Y   0.99754 0.00246 ( 1)  0.063
 160 T   0.93531 0.06469 ( 1)  0.122
 161 H   0.35935 0.64065 ( 2)  0.663
 162 G   0.99998 0.00002 ( 1)  0.061
 163 P   0.99981 0.00019 ( 1)  0.061
 164 G   1.00000 0.00000 ( 1)  0.061
 165 T   0.00000 1.00000 ( 2)  1.000
 166 R   0.99998 0.00002 ( 1)  0.061
 167 Y   0.04048 0.95952 ( 2)  0.962
 168 P   0.99977 0.00023 ( 1)  0.061
 169 M   0.00000 1.00000 ( 2)  1.000
 170 F   0.00000 1.00000 ( 2)  1.000
 171 F   0.47673 0.52327 ( 2)  0.552
 172 G   0.99998 0.00002 ( 1)  0.061
 173 W   0.99528 0.00472 ( 1)  0.065
 174 L   0.99788 0.00212 ( 1)  0.063
 175 W   0.99528 0.00472 ( 1)  0.065
 176 K   0.99999 0.00001 ( 1)  0.061
 177 L   0.99784 0.00216 ( 1)  0.063
 178 V   0.99971 0.00029 ( 1)  0.061
 179 P   0.99983 0.00017 ( 1)  0.061
 180 V   0.99998 0.00002 ( 1)  0.061
 181 D   0.00000 1.00000 ( 2)  1.000
 182 V   0.00000 1.00000 ( 2)  1.000
 183 P   0.00018 0.99982 ( 2)  1.000
 184 R   0.00000 1.00000 ( 2)  1.000
 185 E   0.00036 0.99964 ( 2)  1.000
 186 D   0.00000 1.00000 ( 2)  1.000
 187 E   0.00191 0.99809 ( 2)  0.998
 188 A   0.00018 0.99982 ( 2)  1.000
 189 N   0.00075 0.99925 ( 2)  0.999
 190 C   0.35733 0.64267 ( 2)  0.664
 191 L   0.99289 0.00711 ( 1)  0.068
 192 L   0.00000 1.00000 ( 2)  1.000
 193 H   0.99913 0.00087 ( 1)  0.062
 194 P   0.99983 0.00017 ( 1)  0.061
 195 A   0.99999 0.00001 ( 1)  0.061
 196 Q   0.99972 0.00028 ( 1)  0.061
 197 T   0.00000 1.00000 ( 2)  1.000
 198 S   0.00084 0.99916 ( 2)  0.999
 199 R   0.00000 1.00000 ( 2)  1.000
 200 F   0.00308 0.99692 ( 2)  0.997
 201 D   0.99935 0.00065 ( 1)  0.062
 202 D   0.99988 0.00012 ( 1)  0.061
 203 Q   0.00002 0.99998 ( 2)  1.000
 204 H   0.99965 0.00035 ( 1)  0.061
 205 G   0.99380 0.00620 ( 1)  0.067
 206 E   0.99995 0.00005 ( 1)  0.061
 207 T   0.00071 0.99929 ( 2)  0.999
 208 L   0.99597 0.00403 ( 1)  0.065
 209 V   0.00001 0.99999 ( 2)  1.000
 210 W   0.99528 0.00472 ( 1)  0.065
 211 R   0.00000 1.00000 ( 2)  1.000
 212 F   0.99617 0.00383 ( 1)  0.065
 213 D   0.99988 0.00012 ( 1)  0.061
 214 P   0.00000 1.00000 ( 2)  1.000
 215 T   0.57220 0.42780 ( 1)  0.463
 216 L   0.99349 0.00651 ( 1)  0.067
 217 A   0.99546 0.00454 ( 1)  0.065
 218 Y   0.00000 1.00000 ( 2)  1.000
 219 D   0.00000 1.00000 ( 2)  1.000
 220 Y   0.99497 0.00503 ( 1)  0.066
 221 T   0.00000 1.00000 ( 2)  1.000
 222 A   0.99354 0.00646 ( 1)  0.067
 223 F   0.04467 0.95533 ( 2)  0.958
 224 N   0.00000 1.00000 ( 2)  1.000
 225 R   0.00000 1.00000 ( 2)  1.000
 226 F   0.00000 1.00000 ( 2)  1.000
 227 P   0.99982 0.00018 ( 1)  0.061
 228 E   0.99999 0.00001 ( 1)  0.061
 229 E   1.00000 0.00000 ( 1)  0.061
 230 F   0.99600 0.00400 ( 1)  0.065
 231 G   0.00001 0.99999 ( 2)  1.000
 232 H   0.00000 1.00000 ( 2)  1.000
 233 N   0.00009 0.99991 ( 2)  1.000
 234 S   0.99896 0.00104 ( 1)  0.062
 235 G   0.98421 0.01579 ( 1)  0.076
 236 L   0.93413 0.06587 ( 1)  0.123
 237 P   0.49379 0.50621 ( 2)  0.536
 238 E   1.00000 0.00000 ( 1)  0.061
 239 K   0.00000 1.00000 ( 2)  1.000
 240 E   0.99986 0.00014 ( 1)  0.061
 241 W   0.99528 0.00472 ( 1)  0.065
 242 K   0.93996 0.06004 ( 1)  0.117
 243 A   0.99996 0.00004 ( 1)  0.061
 244 R   0.00000 1.00000 ( 2)  1.000
 245 L   0.99265 0.00735 ( 1)  0.068
 246 K   1.00000 0.00000 ( 1)  0.061
 247 A   0.99999 0.00001 ( 1)  0.061
 248 R   0.99999 0.00001 ( 1)  0.061
 249 G   0.99999 0.00001 ( 1)  0.061
 250 I   1.00000 0.00000 ( 1)  0.061
 251 P   0.99969 0.00031 ( 1)  0.061
 252 C   0.00000 1.00000 ( 2)  1.000


lnL = -9315.532665

