

TREE # 1

  0  0.0000  13441.534482  x:  0.45899   0.11216   1.31862   0.22266   0.06567   0.26169   0.00000   0.01367   0.04003   0.02127   0.04910   0.11194   0.10623   0.11403   0.04492   0.08092   0.25936   0.27518   0.17230   0.16841   0.18179   1.00000   0.80000  
  1 99.0000  13395.520486  x:  0.46189   0.11734   1.31898   0.22490   0.06883   0.26323   0.08493   0.01705   0.03358   0.01940   0.04482   0.11175   0.11094   0.12260   0.04595   0.07960   0.25919   0.27721   0.17725   0.17195   0.18420   1.00815   0.79060  
  2 5308.9789  13305.867120  x:  0.47622   0.14281   1.32079   0.23598   0.08270   0.26561   0.08413   0.02022   0.00278   0.01607   0.02354   0.09059   0.13118   0.16001   0.05002   0.07328   0.25873   0.28701   0.20152   0.18912   0.19588   1.04907   0.74229  
  3 1232.2384  13235.088871  x:  0.49206   0.17079   1.32280   0.24803   0.09718   0.26819   0.08359   0.02364   0.01252   0.01519   0.00310   0.06729   0.15269   0.19970   0.05406   0.06647   0.25800   0.29776   0.22824   0.20782   0.20857   1.09536   0.68686  
  4 6836.0597  13110.999707  x:  0.53194   0.24101   1.32786   0.27794   0.13187   0.27456   0.08241   0.03285   0.02954   0.01686   0.02967   0.00981   0.20523   0.29676   0.06325   0.05000   0.25565   0.32461   0.29544   0.25425   0.23998   1.21455   0.54218  
  5 11840.7528  12998.893852  x:  0.57926   0.32356   1.33455   0.30957   0.15986   0.28146   0.07453   0.02217   0.04414   0.02664   0.05055   0.10897   0.25512   0.39464   0.06606   0.04505   0.24776   0.35424   0.37575   0.30339   0.27153   1.38168   0.31948  
  6 3269.6104  12980.861418  x:  0.58072   0.32597   1.33780   0.30610   0.14479   0.27816   0.07533   0.01099   0.04360   0.01060   0.04961   0.10115   0.24406   0.38196   0.05955   0.06246   0.24082   0.35248   0.38066   0.29706   0.26457   1.41674   0.27565  
  7 633.4940  12971.169977  x:  0.58157   0.32717   1.34149   0.30243   0.12974   0.27524   0.07592   0.01963   0.04128   0.02323   0.04676   0.09381   0.23260   0.36758   0.05294   0.07366   0.23466   0.35069   0.38466   0.29016   0.25739   1.44878   0.24609  
  8 1194.2750  12933.414540  x:  0.60327   0.35957   1.37917   0.29469   0.05554   0.27347   0.07674   0.02958   0.03797   0.01531   0.04312   0.08894   0.18391   0.30030   0.02835   0.04651   0.20967   0.35858   0.43969   0.26551   0.22853   1.68880   0.27778  
  9 420.3642  12918.372351  x:  0.61199   0.37233   1.39902   0.28938   0.02858   0.27546   0.07777   0.01753   0.03605   0.02537   0.04146   0.08511   0.16374   0.26677   0.05526   0.05723   0.20305   0.36429   0.46537   0.25390   0.21569   1.80950   0.29957  
 10 1673.8611  12909.970220  x:  0.60688   0.36299   1.41550   0.27729   0.05565   0.28362   0.07712   0.03447   0.03595   0.01631   0.04112   0.08591   0.16109   0.23699   0.05920   0.07688   0.21709   0.37233   0.47133   0.24393   0.20930   1.89340   0.31273  
 11 436.5771  12902.371329  x:  0.59625   0.34468   1.43188   0.26111   0.08523   0.29224   0.07801   0.01880   0.03452   0.02708   0.03990   0.08158   0.16386   0.21205   0.04541   0.08005   0.23680   0.37764   0.46941   0.23593   0.20681   1.96857   0.32129  
 12 674.4123  12895.622888  x:  0.56874   0.29765   1.45447   0.22801   0.08638   0.29597   0.07795   0.02054   0.03383   0.02470   0.03896   0.07963   0.17165   0.20749   0.06227   0.05443   0.26468   0.36694   0.44440   0.23498   0.21699   2.04610   0.31812  
 13 251.0979  12892.577194  x:  0.55347   0.26948   1.47193   0.21129   0.07612   0.29408   0.07766   0.02166   0.03420   0.02517   0.03929   0.08026   0.17876   0.22836   0.05376   0.06883   0.27102   0.35757   0.42646   0.24292   0.22914   2.08868   0.32836  
 14 205.4546  12891.748731  x:  0.55074   0.25799   1.49116   0.21502   0.08634   0.28787   0.07765   0.02083   0.03430   0.02568   0.03939   0.08038   0.17434   0.23603   0.05545   0.06671   0.24763   0.35608   0.40997   0.24549   0.22758   2.10117   0.32973  
 15 48.9444  12891.075969  x:  0.56198   0.25765   1.54042   0.24016   0.08368   0.28826   0.07760   0.02103   0.03427   0.02550   0.03936   0.08042   0.18532   0.23356   0.05542   0.06693   0.25013   0.35190   0.38060   0.24555   0.22240   2.10748   0.32825  
 16 28.3765  12890.897796  x:  0.56485   0.25698   1.55964   0.24580   0.08408   0.28872   0.07766   0.02095   0.03419   0.02550   0.03928   0.08026   0.17593   0.23400   0.05533   0.06686   0.25500   0.35438   0.37700   0.24761   0.22863   2.10698   0.32714  
 17 27.3083  12890.742451  x:  0.56449   0.25406   1.58870   0.23847   0.08241   0.29342   0.07755   0.02096   0.03427   0.02539   0.03938   0.08044   0.17674   0.23648   0.05532   0.06674   0.25368   0.36007   0.38732   0.24103   0.22900   2.10166   0.32544  
 18 12.8153  12890.669046  x:  0.56497   0.25463   1.60365   0.23133   0.08270   0.29042   0.07758   0.02096   0.03425   0.02535   0.03937   0.08052   0.17878   0.23325   0.05529   0.06689   0.25280   0.35852   0.39372   0.24656   0.22895   2.09862   0.32480  
 19 16.2917  12890.652664  x:  0.56542   0.25558   1.60626   0.22945   0.08355   0.28888   0.07758   0.02088   0.03428   0.02538   0.03941   0.08059   0.17766   0.23467   0.05534   0.06680   0.25411   0.35661   0.39469   0.24652   0.22631   2.09833   0.32482  
 20  5.9370  12890.545082  x:  0.56520   0.25893   1.60819   0.22862   0.08551   0.29571   0.07743   0.02086   0.03416   0.02534   0.03931   0.08028   0.17620   0.23468   0.05528   0.06685   0.25210   0.34551   0.39614   0.24487   0.22917   2.10058   0.32490  
 21  1.0550  12884.690821  x:  0.49407   0.29263   1.63486   0.27208   0.08136   0.26615   0.07315   0.02066   0.02736   0.02092   0.03347   0.06848   0.17999   0.23520   0.05225   0.06851   0.24745   0.33365   0.43746   0.23097   0.23280   2.23651   0.32929  
 22  3.1957  12879.382585  x:  0.50248   0.33216   1.64960   0.24295   0.06991   0.29720   0.06866   0.02127   0.02090   0.01664   0.02779   0.05645   0.17041   0.24037   0.04901   0.06937   0.23604   0.36779   0.42230   0.25302   0.21362   2.35749   0.33215  
 23 75.9317  12878.195478  x:  0.55328   0.31480   1.64796   0.23355   0.07146   0.28092   0.06788   0.02109   0.01940   0.01583   0.02649   0.05399   0.17478   0.23989   0.04862   0.06965   0.23382   0.36551   0.42732   0.23695   0.22844   2.38545   0.33353  
 24 34.3246  12877.849605  x:  0.57146   0.29209   1.64631   0.24151   0.07071   0.28632   0.06755   0.02114   0.01895   0.01553   0.02609   0.05312   0.17324   0.24057   0.04842   0.06961   0.23439   0.36177   0.43934   0.24421   0.22038   2.39299   0.33327  
 25 25.3017  12875.666922  x:  0.58389   0.29354   1.64269   0.23234   0.08189   0.29109   0.06268   0.01950   0.01652   0.01969   0.02514   0.05744   0.18892   0.26421   0.05330   0.06347   0.24487   0.36635   0.44545   0.25749   0.22868   2.40397   0.33405  
 26  0.0338  12874.883456  x:  0.57806   0.28962   1.64993   0.22810   0.08343   0.29053   0.05710   0.02516   0.01349   0.01902   0.02319   0.06082   0.18849   0.26585   0.05441   0.06470   0.24511   0.36434   0.44334   0.25570   0.22880   2.39698   0.33174  
 27  0.0094  12874.164464  x:  0.57548   0.28319   1.64292   0.23176   0.08388   0.28802   0.05032   0.02233   0.01344   0.02041   0.02365   0.06884   0.18479   0.25952   0.05095   0.06767   0.24208   0.36264   0.43611   0.25131   0.22597   2.34341   0.32761  
 28  0.0242  12873.908303  x:  0.57585   0.29030   1.63744   0.23257   0.08092   0.28970   0.04527   0.02069   0.01325   0.01904   0.02340   0.06987   0.18587   0.25921   0.05271   0.06520   0.24378   0.36423   0.43683   0.25406   0.22723   2.35361   0.32992  
 29  0.0088  12873.838962  x:  0.57900   0.28697   1.63773   0.23120   0.08036   0.28982   0.04431   0.02154   0.01451   0.01880   0.02404   0.06967   0.18523   0.25905   0.05333   0.06513   0.24340   0.36400   0.43718   0.25397   0.22683   2.35602   0.33177  
 30  0.0045  12873.816341  x:  0.57774   0.28616   1.64043   0.23099   0.08099   0.28945   0.04351   0.02160   0.01444   0.01920   0.02377   0.06824   0.18493   0.25872   0.05274   0.06560   0.24323   0.36379   0.43743   0.25329   0.22669   2.36113   0.33183  
 31  0.0050  12873.814123  x:  0.57711   0.28720   1.64017   0.23149   0.08123   0.28927   0.04357   0.02158   0.01455   0.01926   0.02383   0.06800   0.18532   0.25894   0.05274   0.06553   0.24338   0.36394   0.43739   0.25345   0.22690   2.35880   0.33116  
 32  0.0023  12873.814053  x:  0.57744   0.28702   1.63995   0.23137   0.08120   0.28932   0.04353   0.02159   0.01455   0.01924   0.02384   0.06799   0.18533   0.25896   0.05275   0.06552   0.24339   0.36394   0.43739   0.25352   0.22687   2.35849   0.33110  
 33  0.0005  12873.814030  x:  0.57747   0.28701   1.63995   0.23140   0.08120   0.28932   0.04356   0.02159   0.01454   0.01923   0.02386   0.06795   0.18529   0.25896   0.05274   0.06553   0.24336   0.36393   0.43736   0.25351   0.22687   2.35827   0.33110  
 34  0.0001  12873.814020  x:  0.57741   0.28702   1.63995   0.23139   0.08121   0.28931   0.04354   0.02159   0.01453   0.01924   0.02387   0.06796   0.18531   0.25896   0.05275   0.06552   0.24338   0.36393   0.43735   0.25350   0.22687   2.35820   0.33112  
 35  0.0001  12873.814018  x:  0.57742   0.28701   1.63994   0.23138   0.08121   0.28931   0.04354   0.02159   0.01453   0.01924   0.02388   0.06796   0.18532   0.25896   0.05275   0.06552   0.24338   0.36393   0.43737   0.25351   0.22687   2.35832   0.33112  
 36  0.0001  12873.814018  x:  0.57742   0.28702   1.63996   0.23139   0.08120   0.28931   0.04354   0.02159   0.01453   0.01924   0.02388   0.06797   0.18531   0.25896   0.05275   0.06552   0.24338   0.36393   0.43737   0.25351   0.22687   2.35835   0.33111  
 37  0.0000  12873.814018  x:  0.57742   0.28702   1.63996   0.23139   0.08120   0.28931   0.04354   0.02159   0.01453   0.01924   0.02388   0.06797   0.18531   0.25896   0.05275   0.06552   0.24338   0.36393   0.43737   0.25351   0.22687   2.35835   0.33111  
 38  0.0000  12873.814018  x:  0.57742   0.28702   1.63996   0.23139   0.08120   0.28931   0.04354   0.02159   0.01453   0.01924   0.02388   0.06797   0.18531   0.25896   0.05275   0.06552   0.24338   0.36393   0.43737   0.25351   0.22687   2.35835   0.33111  
 39  0.0000  12873.814018  x:  0.57742   0.28702   1.63996   0.23139   0.08120   0.28931   0.04354   0.02159   0.01453   0.01924   0.02388   0.06797   0.18531   0.25896   0.05275   0.06552   0.24338   0.36393   0.43737   0.25351   0.22687   2.35835   0.33111  