

TREE # 1

  0  0.0000  13673.497651  x:  0.49021   0.12777   1.44021   0.22395   0.05428   0.26555   0.00000   0.01418   0.02455   0.02171   0.03192   0.12977   0.11444   0.14016   0.03548   0.06529   0.26580   0.29253   0.18743   0.16406   0.19942   0.42738   0.40546   0.57723  
  1 99.0000  13547.379279  x:  0.50101   0.14738   1.44147   0.23379   0.07373   0.27322   0.36912   0.02872   0.00765   0.01506   0.02637   0.12421   0.13187   0.16525   0.05338   0.06885   0.26506   0.30110   0.20606   0.18086   0.20778   0.54144   0.35697   0.57540  
  2 5665.9796  13309.920564  x:  0.52482   0.19037   1.44432   0.25570   0.09929   0.27729   0.36210   0.00000   0.09969   0.05193   0.01458   0.06231   0.16030   0.20881   0.05614   0.06846   0.26321   0.31863   0.24872   0.21580   0.22498   0.77179   0.23059   0.57130  
  3 1685.8496  13259.635972  x:  0.53499   0.20878   1.44562   0.26510   0.10996   0.27903   0.35657   0.01908   0.13602   0.06607   0.01390   0.03591   0.17234   0.22729   0.05714   0.06824   0.26240   0.32617   0.26709   0.23067   0.23230   0.87019   0.17742   0.56956  
  4 25595.2109  13135.650172  x:  0.55282   0.24601   1.45429   0.28606   0.12220   0.28841   0.32842   0.01367   0.07686   0.00661   0.07072   0.00615   0.19219   0.25782   0.05510   0.06677   0.26092   0.34373   0.31007   0.25632   0.24511   1.05533   0.21165   0.56724  
  5 1330.9057  13057.962579  x:  0.56494   0.27240   1.46158   0.30055   0.12803   0.29699   0.30497   0.01243   0.00835   0.02431   0.08616   0.03780   0.20441   0.27760   0.05343   0.06586   0.25899   0.35617   0.34211   0.27300   0.25272   1.19527   0.24267   0.56593  
  6 3040.2360  13041.598386  x:  0.56489   0.27543   1.46520   0.30092   0.12054   0.29820   0.30031   0.01653   0.01057   0.00767   0.05749   0.05451   0.20103   0.27550   0.05367   0.06624   0.25623   0.35701   0.34958   0.27099   0.24983   1.23400   0.26320   0.56668  
  7 660.0020  13026.883963  x:  0.56158   0.27536   1.47134   0.29800   0.10283   0.29752   0.29878   0.02241   0.01386   0.01420   0.02239   0.03773   0.19098   0.26615   0.05404   0.06671   0.25107   0.35589   0.35775   0.26258   0.24201   1.28003   0.30824   0.56874  
  8 825.2654  13024.512817  x:  0.55852   0.27188   1.47283   0.29378   0.09458   0.29641   0.29792   0.02259   0.00801   0.01311   0.01770   0.03433   0.18496   0.25946   0.05393   0.06673   0.24885   0.35362   0.35722   0.25661   0.23723   1.29008   0.30690   0.57001  
  9 309.7055  13017.668052  x:  0.54528   0.25682   1.47950   0.27586   0.06150   0.29357   0.29786   0.02177   0.00962   0.01376   0.02736   0.03755   0.16045   0.23134   0.05309   0.06670   0.24036   0.34478   0.35495   0.23173   0.21770   1.32859   0.31098   0.57563  
 10 659.8772  13016.105252  x:  0.53011   0.23802   1.48777   0.25517   0.08103   0.30011   0.29684   0.02193   0.00958   0.01386   0.02765   0.03709   0.16229   0.21874   0.05476   0.06805   0.24596   0.34807   0.35171   0.22109   0.21409   1.34219   0.31394   0.58535  
 11 79.6598  13015.741540  x:  0.52534   0.23285   1.49406   0.24422   0.07907   0.30113   0.29693   0.02197   0.00962   0.01385   0.02746   0.03706   0.16371   0.22089   0.04956   0.06470   0.24958   0.34687   0.35182   0.22404   0.21882   1.34468   0.31442   0.59283  
 12 47.5688  13015.404127  x:  0.52121   0.22896   1.50256   0.23201   0.07532   0.30157   0.29657   0.02199   0.00956   0.01385   0.02757   0.03713   0.16480   0.22445   0.05398   0.06747   0.25279   0.34530   0.35327   0.22813   0.22415   1.34641   0.31468   0.60274  
 13 93.3305  13014.531516  x:  0.52445   0.24112   1.54669   0.20521   0.07981   0.29788   0.29648   0.02189   0.00952   0.01383   0.02780   0.03735   0.16042   0.22663   0.05352   0.06687   0.24361   0.34786   0.37805   0.22860   0.21949   1.34296   0.31222   0.65062  
 14 34.1595  13014.190742  x:  0.52372   0.23837   1.56848   0.21185   0.07518   0.30041   0.29649   0.02182   0.00946   0.01381   0.02784   0.03723   0.16875   0.22240   0.05280   0.06811   0.25069   0.34811   0.38966   0.22605   0.21670   1.34169   0.30996   0.67024  
 15 29.9196  13013.996304  x:  0.52369   0.23371   1.58151   0.22010   0.07587   0.30098   0.29630   0.02180   0.00943   0.01380   0.02793   0.03723   0.16405   0.22191   0.05589   0.06336   0.25147   0.34887   0.38860   0.22742   0.21927   1.34251   0.30918   0.67886  
 16 22.0953  13013.716123  x:  0.52511   0.22766   1.60017   0.23129   0.07753   0.30144   0.29616   0.02178   0.00940   0.01381   0.02804   0.03721   0.15725   0.22334   0.05252   0.06870   0.25040   0.34972   0.38138   0.22897   0.22260   1.34458   0.30843   0.68945  
 17 55.0005  13013.027106  x:  0.53644   0.22458   1.64051   0.24502   0.07678   0.30264   0.29515   0.02182   0.00939   0.01382   0.02809   0.03733   0.16509   0.23021   0.05348   0.06708   0.24434   0.34816   0.34626   0.22438   0.21932   1.35153   0.30845   0.70632  
 18 38.3795  13012.375058  x:  0.54455   0.23218   1.65965   0.24475   0.07811   0.29738   0.29463   0.02183   0.00945   0.01383   0.02799   0.03763   0.16677   0.21278   0.05334   0.06767   0.25130   0.34734   0.33372   0.23520   0.22214   1.35647   0.30802   0.70311  
 19 14.7784  13004.994800  x:  0.54617   0.24569   1.78677   0.22619   0.08594   0.26560   0.28650   0.02178   0.01010   0.01389   0.02703   0.04090   0.14713   0.23719   0.05358   0.06676   0.30825   0.35029   0.34543   0.23175   0.19443   1.39423   0.29924   0.59397  
 20 21.1967  12989.555693  x:  0.52914   0.24178   1.98804   0.19985   0.08132   0.28469   0.27072   0.02167   0.01146   0.01411   0.02442   0.04402   0.16754   0.23547   0.05402   0.06705   0.26242   0.35537   0.39866   0.23404   0.21938   1.45868   0.27914   0.40167  
 21 184.0749  12932.272291  x:  0.61200   0.25196   1.83006   0.19582   0.06931   0.45570   0.20084   0.02351   0.01867   0.01558   0.00752   0.05313   0.13725   0.25642   0.05532   0.06688   0.27360   0.35807   0.43945   0.28917   0.17577   1.79966   0.24325   0.57093  
 22 25.9379  12902.741987  x:  0.59792   0.23657   1.72571   0.22490   0.08387   0.28560   0.16856   0.02394   0.02160   0.01596   0.00386   0.06869   0.19195   0.25920   0.05614   0.06714   0.23794   0.35810   0.46619   0.24706   0.24252   1.97781   0.23486   0.68618  
 23 196.4725  12901.390673  x:  0.55913   0.24495   1.72183   0.23451   0.08677   0.27465   0.16684   0.02394   0.02163   0.01602   0.00422   0.06958   0.19889   0.26160   0.05616   0.06709   0.22621   0.35013   0.46216   0.27342   0.21884   1.98625   0.23491   0.69346  
 24 31.8866  12899.203632  x:  0.49049   0.30510   1.71737   0.24839   0.08663   0.28561   0.16400   0.02389   0.02161   0.01621   0.00469   0.06964   0.19443   0.26245   0.05606   0.06728   0.23232   0.35002   0.44648   0.25711   0.23616   1.99897   0.23257   0.70668  
 25 25.8757  12885.431039  x:  0.55969   0.26690   1.66315   0.23700   0.06423   0.25528   0.14173   0.02298   0.01976   0.01808   0.01552   0.07379   0.20952   0.26695   0.05625   0.06664   0.23234   0.46649   0.46270   0.24794   0.25854   2.10778   0.22938   0.74694  
 26  6.4204  12879.844497  x:  0.60215   0.25281   1.64837   0.23881   0.09338   0.25260   0.13389   0.02288   0.01920   0.01879   0.01933   0.07506   0.20995   0.26992   0.05595   0.06681   0.23489   0.36124   0.48398   0.23293   0.27670   2.14711   0.23268   0.75787  
 27 61.2483  12852.244990  x:  0.56123   0.28746   1.60280   0.25024   0.09320   0.30095   0.05853   0.02726   0.01642   0.02347   0.02056   0.06967   0.21044   0.28090   0.05440   0.06549   0.23934   0.38012   0.48029   0.26190   0.25651   2.48388   0.29892   0.80386  
 28  0.4915  12848.667430  x:  0.54968   0.28064   1.74199   0.24304   0.08779   0.30380   0.04054   0.02647   0.01491   0.02265   0.02132   0.06689   0.20061   0.27289   0.05354   0.06529   0.24385   0.37158   0.47213   0.26169   0.23833   2.53131   0.28506   0.78700  
 29  0.1751  12847.652612  x:  0.54488   0.27554   1.76374   0.23896   0.08268   0.29708   0.05024   0.02567   0.01441   0.02104   0.02125   0.06618   0.19120   0.26460   0.05297   0.06547   0.24782   0.37002   0.45884   0.25698   0.22884   2.47912   0.27984   0.76197  
 30  0.0900  12847.223923  x:  0.54707   0.27958   1.70827   0.23934   0.08127   0.28976   0.04577   0.02494   0.01390   0.01930   0.02211   0.06700   0.18510   0.26212   0.05334   0.06575   0.24869   0.37176   0.44897   0.25621   0.22695   2.46279   0.28209   0.73932  
 31  0.0346  12846.861727  x:  0.55342   0.27763   1.71506   0.23695   0.08220   0.29888   0.04520   0.02383   0.01398   0.01786   0.02350   0.06677   0.18745   0.26306   0.05335   0.06572   0.24161   0.37110   0.45072   0.25821   0.23236   2.41171   0.28303   0.72221  
 32  0.0277  12846.695229  x:  0.54398   0.27756   1.72124   0.23913   0.08264   0.29187   0.04426   0.02304   0.01466   0.01805   0.02413   0.06758   0.19155   0.26440   0.05301   0.06551   0.24699   0.37142   0.45265   0.25776   0.23132   2.38336   0.28267   0.72316  
 33  0.0191  12846.634103  x:  0.54371   0.27702   1.71460   0.23893   0.08180   0.29540   0.04371   0.02244   0.01479   0.01895   0.02439   0.06754   0.18969   0.26329   0.05302   0.06551   0.24629   0.37076   0.45272   0.25664   0.22896   2.36972   0.28061   0.72864  
 34  0.0089  12846.619317  x:  0.54550   0.27736   1.71320   0.23865   0.08175   0.29358   0.04374   0.02230   0.01466   0.01934   0.02435   0.06811   0.18902   0.26303   0.05310   0.06556   0.24537   0.37120   0.45164   0.25618   0.23029   2.36722   0.28167   0.73313  
 35  0.0044  12846.615559  x:  0.54607   0.27706   1.71388   0.23833   0.08197   0.29405   0.04362   0.02218   0.01449   0.01938   0.02421   0.06829   0.18896   0.26328   0.05306   0.06556   0.24618   0.37116   0.45084   0.25755   0.22959   2.36673   0.28168   0.73372  
 36  0.0013  12846.611291  x:  0.54499   0.27706   1.71549   0.23807   0.08192   0.29415   0.04350   0.02193   0.01445   0.01925   0.02387   0.06845   0.18914   0.26314   0.05308   0.06554   0.24573   0.37067   0.45092   0.25670   0.22991   2.36764   0.28165   0.73477  
 37  0.0008  12846.609879  x:  0.54577   0.27703   1.71308   0.23851   0.08201   0.29410   0.04364   0.02183   0.01452   0.01924   0.02375   0.06827   0.18922   0.26326   0.05308   0.06556   0.24587   0.37095   0.45136   0.25674   0.23002   2.36764   0.28172   0.73413  
 38  0.0016  12846.609461  x:  0.54597   0.27693   1.71442   0.23846   0.08195   0.29392   0.04361   0.02176   0.01455   0.01928   0.02378   0.06814   0.18906   0.26316   0.05306   0.06555   0.24586   0.37083   0.45143   0.25691   0.22989   2.36833   0.28174   0.73347  
 39  0.0007  12846.609072  x:  0.54554   0.27717   1.71419   0.23834   0.08196   0.29407   0.04370   0.02167   0.01455   0.01930   0.02385   0.06820   0.18913   0.26323   0.05308   0.06555   0.24585   0.37092   0.45133   0.25690   0.22998   2.36958   0.28182   0.73321  
 40  0.0004  12846.609027  x:  0.54573   0.27707   1.71410   0.23843   0.08197   0.29401   0.04366   0.02166   0.01454   0.01928   0.02388   0.06823   0.18916   0.26323   0.05308   0.06556   0.24585   0.37093   0.45136   0.25686   0.22995   2.36979   0.28181   0.73333  
 41  0.0002  12846.609020  x:  0.54574   0.27706   1.71424   0.23845   0.08196   0.29402   0.04368   0.02166   0.01454   0.01927   0.02388   0.06822   0.18914   0.26322   0.05307   0.06555   0.24585   0.37094   0.45138   0.25687   0.22993   2.36981   0.28180   0.73353  
 42  0.0001  12846.609019  x:  0.54572   0.27708   1.71418   0.23843   0.08197   0.29402   0.04368   0.02166   0.01454   0.01927   0.02388   0.06822   0.18914   0.26323   0.05308   0.06555   0.24586   0.37093   0.45138   0.25688   0.22993   2.36983   0.28181   0.73360  
 43  0.0001  12846.609019  x:  0.54572   0.27708   1.71418   0.23843   0.08197   0.29402   0.04368   0.02166   0.01454   0.01927   0.02388   0.06822   0.18914   0.26323   0.05308   0.06555   0.24586   0.37094   0.45138   0.25688   0.22993   2.36982   0.28181   0.73360  
 44  0.0000  12846.609019  x:  0.54572   0.27708   1.71418   0.23843   0.08197   0.29402   0.04368   0.02166   0.01454   0.01927   0.02388   0.06822   0.18914   0.26323   0.05308   0.06555   0.24586   0.37093   0.45138   0.25688   0.22993   2.36982   0.28181   0.73360  
 45  0.0000  12846.609019  x:  0.54572   0.27708   1.71418   0.23843   0.08197   0.29402   0.04368   0.02166   0.01454   0.01927   0.02388   0.06822   0.18914   0.26323   0.05308   0.06555   0.24586   0.37093   0.45138   0.25688   0.22993   2.36982   0.28181   0.73360  