

TREE # 1

  0  0.0000  13258.030457  x:  0.44304   0.12496   1.23917   0.20415   0.05344   0.23209   0.00000   0.02947   0.04853   0.02016   0.03614   0.10006   0.10395   0.10859   0.02689   0.07678   0.22525   0.23455   0.17060   0.14256   0.19826   1.00000   0.40000  
  1 99.0000  13204.585154  x:  0.44689   0.13159   1.24030   0.20837   0.06034   0.23615   0.10464   0.02575   0.03946   0.01832   0.03299   0.10111   0.11131   0.12130   0.03608   0.07639   0.22698   0.23989   0.17806   0.14941   0.20095   1.00873   0.39181  
  2 5146.3299  13118.241274  x:  0.46221   0.15782   1.24504   0.22493   0.08313   0.24580   0.10174   0.01273   0.00383   0.01856   0.02047   0.08141   0.13614   0.16368   0.05558   0.07352   0.23410   0.26016   0.20720   0.17538   0.21134   1.04402   0.35906  
  3 1244.4595  13044.053536  x:  0.49506   0.21336   1.25574   0.25921   0.12615   0.26582   0.09722   0.01221   0.04230   0.02147   0.00796   0.04109   0.18495   0.24662   0.08625   0.06603   0.24831   0.30230   0.26849   0.22834   0.23263   1.12225   0.28904  
  4 3551.9150  13028.505969  x:  0.50464   0.22910   1.25954   0.26829   0.13491   0.27113   0.09617   0.02578   0.04397   0.02084   0.03325   0.03532   0.19617   0.26622   0.08879   0.06313   0.25147   0.31351   0.28569   0.24170   0.23784   1.14737   0.27243  
  5 2471.8853  13003.831250  x:  0.52513   0.25948   1.27330   0.28090   0.12619   0.27825   0.09442   0.03499   0.04286   0.00760   0.02889   0.07644   0.19843   0.27552   0.04926   0.05386   0.25071   0.32966   0.31803   0.25491   0.24128   1.21893   0.27492  
  6 591.9869  12996.077660  x:  0.53427   0.27269   1.28017   0.28581   0.11996   0.28096   0.09427   0.03651   0.04202   0.02216   0.02798   0.09103   0.19775   0.27722   0.03331   0.05272   0.24972   0.33626   0.33222   0.25948   0.24203   1.25364   0.27859  
  7 2085.8671  12963.930519  x:  0.57027   0.32024   1.31753   0.29511   0.06464   0.28572   0.09336   0.01343   0.04620   0.02313   0.04011   0.10174   0.17304   0.25194   0.04939   0.09920   0.23731   0.35468   0.38572   0.25993   0.23426   1.43204   0.32039  
  8 725.4872  12948.209942  x:  0.58337   0.33434   1.34155   0.29027   0.03494   0.28501   0.09577   0.04476   0.03848   0.02214   0.02292   0.07287   0.15526   0.22623   0.05191   0.09965   0.23004   0.35991   0.40654   0.24930   0.22412   1.54561   0.33034  
  9 839.2522  12934.692742  x:  0.58544   0.33136   1.36327   0.27713   0.03272   0.28451   0.09866   0.02911   0.03782   0.01767   0.02771   0.04131   0.14468   0.20004   0.03695   0.07440   0.22743   0.36130   0.41309   0.23234   0.21330   1.64482   0.32812  
 10 692.1494  12923.468901  x:  0.57524   0.30717   1.39042   0.25087   0.06110   0.28498   0.09716   0.02866   0.03818   0.02113   0.02789   0.05534   0.14438   0.17735   0.06078   0.04993   0.23255   0.35805   0.40550   0.20834   0.20343   1.75879   0.32265  
 11 501.6031  12913.477957  x:  0.55042   0.25788   1.42344   0.21184   0.09013   0.28361   0.09709   0.03287   0.03749   0.01973   0.02590   0.05406   0.16082   0.18944   0.04601   0.08019   0.24866   0.34361   0.37999   0.19545   0.20800   1.87639   0.32659  
 12 390.9559  12909.934437  x:  0.53739   0.23206   1.44171   0.19876   0.08020   0.27970   0.09671   0.03187   0.03854   0.01979   0.02709   0.05311   0.16561   0.20966   0.05038   0.06666   0.25334   0.32980   0.36448   0.21149   0.22358   1.91906   0.34366  
 13 205.0335  12909.538819  x:  0.53516   0.22675   1.45028   0.20317   0.07644   0.27766   0.09668   0.03083   0.03838   0.02002   0.02727   0.05533   0.16281   0.20915   0.05047   0.06801   0.24761   0.32640   0.35851   0.21786   0.22541   1.92389   0.33487  
 14 47.1994  12909.084588  x:  0.53505   0.22231   1.47536   0.22143   0.08311   0.27760   0.09671   0.03174   0.03838   0.01983   0.02699   0.05395   0.16294   0.20778   0.04987   0.06853   0.23804   0.32576   0.34627   0.22411   0.22340   1.92699   0.33861  
 15 39.1692  12908.693420  x:  0.53903   0.22339   1.50715   0.23576   0.07847   0.27861   0.09662   0.03125   0.03846   0.01991   0.02719   0.05456   0.16571   0.21251   0.05033   0.06756   0.24375   0.32444   0.33084   0.21763   0.21829   1.92721   0.33597  
 16 42.9857  12908.515730  x:  0.54274   0.22554   1.52875   0.23401   0.07958   0.27932   0.09671   0.03136   0.03826   0.01990   0.02701   0.05415   0.16317   0.20843   0.05027   0.06802   0.24994   0.32760   0.32732   0.21824   0.22686   1.92433   0.33455  
 17 22.9396  12908.266761  x:  0.54536   0.22260   1.56740   0.21889   0.07839   0.27903   0.09660   0.03122   0.03834   0.01992   0.02712   0.05447   0.16496   0.21080   0.05034   0.06767   0.24296   0.33148   0.33977   0.21620   0.22573   1.91583   0.33271  
 18 17.7242  12908.203373  x:  0.54490   0.22035   1.57537   0.21786   0.07910   0.27872   0.09662   0.03124   0.03832   0.01991   0.02710   0.05443   0.16387   0.20959   0.05024   0.06788   0.24720   0.32840   0.34611   0.21948   0.22184   1.91411   0.33243  
 19 11.7429  12907.878781  x:  0.54794   0.22556   1.57845   0.21891   0.08115   0.28315   0.09639   0.03121   0.03814   0.01987   0.02703   0.05414   0.16903   0.20796   0.05014   0.06786   0.24426   0.31099   0.35167   0.21647   0.22786   1.91749   0.33189  
 20  1.6326  12904.541478  x:  0.55561   0.24381   1.58393   0.22443   0.09531   0.27841   0.09437   0.02993   0.03700   0.01962   0.02719   0.05452   0.13419   0.23753   0.04924   0.06717   0.23971   0.30048   0.36776   0.20917   0.23372   1.95880   0.33127  
 21  9.2072  12882.374041  x:  0.57821   0.31910   1.60643   0.25567   0.07517   0.28289   0.07998   0.01725   0.02639   0.01861   0.02859   0.06168   0.19066   0.26293   0.04648   0.06198   0.24290   0.37738   0.44771   0.26495   0.23304   2.25453   0.32088  
 22 84.4525  12882.268043  x:  0.58035   0.31772   1.60615   0.25390   0.07451   0.29517   0.07975   0.01724   0.02630   0.01862   0.02853   0.06157   0.18801   0.26368   0.04651   0.06200   0.24237   0.37813   0.44622   0.26716   0.23092   2.25576   0.32062  
 23 15.3625  12882.224527  x:  0.59407   0.31239   1.60499   0.25205   0.07534   0.29367   0.07971   0.01733   0.02623   0.01862   0.02847   0.06153   0.18842   0.26382   0.04653   0.06204   0.24213   0.37721   0.44450   0.26897   0.22923   2.25661   0.32070  
 24  2.4693  12882.165765  x:  0.60012   0.30275   1.60447   0.25640   0.07423   0.29489   0.07961   0.01742   0.02609   0.01863   0.02838   0.06149   0.18835   0.26399   0.04669   0.06196   0.24276   0.37902   0.44870   0.26491   0.23310   2.25785   0.32045  
 25  3.4374  12878.057501  x:  0.58332   0.30642   1.64144   0.24229   0.07984   0.29489   0.07276   0.02859   0.01673   0.01961   0.02091   0.05837   0.19046   0.26763   0.05472   0.06624   0.24418   0.37500   0.45621   0.26395   0.22878   2.36715   0.32444  
 26  0.8201  12876.052917  x:  0.58107   0.28719   1.66648   0.22641   0.08462   0.29025   0.06540   0.02159   0.01195   0.01931   0.02312   0.06140   0.18685   0.26482   0.05417   0.06661   0.24450   0.36296   0.45128   0.25421   0.22615   2.44013   0.33218  
 27  0.0666  12875.117946  x:  0.57322   0.28263   1.64682   0.22628   0.08332   0.28849   0.05915   0.01847   0.01609   0.01919   0.02555   0.06628   0.18409   0.25954   0.05359   0.06521   0.24261   0.35910   0.43445   0.25021   0.22591   2.39442   0.33504  
 28  0.0295  12873.899140  x:  0.57274   0.28627   1.62626   0.23355   0.08011   0.28945   0.04419   0.02217   0.01494   0.01920   0.02389   0.06970   0.18463   0.25675   0.05329   0.06400   0.24214   0.36384   0.42665   0.25168   0.22771   2.35596   0.33211  
 29  0.0264  12873.817246  x:  0.57810   0.28682   1.63871   0.23269   0.08118   0.28941   0.04327   0.02153   0.01435   0.01913   0.02392   0.06814   0.18535   0.25853   0.05282   0.06539   0.24353   0.36451   0.43553   0.25314   0.22715   2.36063   0.33094  
 30  0.0153  12873.814291  x:  0.57757   0.28721   1.64021   0.23172   0.08127   0.28934   0.04367   0.02162   0.01453   0.01918   0.02391   0.06794   0.18536   0.25889   0.05278   0.06553   0.24345   0.36410   0.43709   0.25347   0.22689   2.35901   0.33110  
 31  0.0030  12873.814037  x:  0.57738   0.28706   1.64011   0.23138   0.08122   0.28931   0.04352   0.02159   0.01454   0.01922   0.02390   0.06797   0.18531   0.25894   0.05276   0.06552   0.24338   0.36392   0.43736   0.25349   0.22686   2.35841   0.33112  
 32  0.0008  12873.814020  x:  0.57743   0.28700   1.63996   0.23137   0.08119   0.28931   0.04354   0.02159   0.01453   0.01923   0.02388   0.06797   0.18531   0.25896   0.05275   0.06552   0.24338   0.36393   0.43741   0.25350   0.22687   2.35842   0.33110  
 33  0.0001  12873.814018  x:  0.57742   0.28703   1.63995   0.23138   0.08120   0.28931   0.04354   0.02159   0.01453   0.01924   0.02388   0.06797   0.18531   0.25896   0.05274   0.06552   0.24338   0.36393   0.43737   0.25351   0.22687   2.35838   0.33111  
 34  0.0000  12873.814018  x:  0.57742   0.28702   1.63996   0.23139   0.08120   0.28931   0.04354   0.02159   0.01453   0.01924   0.02388   0.06797   0.18531   0.25896   0.05275   0.06552   0.24338   0.36393   0.43737   0.25350   0.22687   2.35836   0.33111  
 35  0.0000  12873.814018  x:  0.57742   0.28702   1.63996   0.23139   0.08120   0.28931   0.04354   0.02159   0.01453   0.01924   0.02388   0.06797   0.18531   0.25896   0.05275   0.06552   0.24338   0.36393   0.43737   0.25351   0.22687   2.35835   0.33111  
 36  0.0000  12873.814018  x:  0.57742   0.28702   1.63996   0.23139   0.08120   0.28931   0.04354   0.02159   0.01453   0.01924   0.02388   0.06797   0.18531   0.25896   0.05275   0.06552   0.24338   0.36393   0.43737   0.25351   0.22687   2.35835   0.33111  
 37  0.0000  12873.814018  x:  0.57742   0.28702   1.63996   0.23139   0.08120   0.28931   0.04354   0.02159   0.01453   0.01924   0.02388   0.06797   0.18531   0.25896   0.05275   0.06552   0.24338   0.36393   0.43737   0.25351   0.22687   2.35835   0.33111  
 38  0.0000  12873.814018  x:  0.57742   0.28702   1.63996   0.23139   0.08120   0.28931   0.04354   0.02159   0.01453   0.01924   0.02388   0.06797   0.18531   0.25896   0.05275   0.06552   0.24338   0.36393   0.43737   0.25351   0.22687   2.35835   0.33111  