

TREE # 1

  0  0.0000  12915.026471  x:  0.51258   0.12019   1.48428   0.22641   0.05259   0.28484   0.00000   0.02475   0.02552   0.01805   0.03687   0.12441   0.11134   0.13422   0.04079   0.07484   0.26944   0.28824   0.19621   0.16736   0.20805   1.00000   1.30858   0.01954   0.25532   2.32966  
  1 99.0000  12824.211482  x:  0.52226   0.13773   1.48570   0.23617   0.06752   0.28973   0.19842   0.01516   0.00595   0.01662   0.02315   0.11787   0.12833   0.16097   0.04827   0.07172   0.26794   0.29723   0.21353   0.18236   0.21411   1.02900   1.31108   0.01786   0.17647   2.32936  
  2 3142.6699  12769.823315  x:  0.53195   0.15629   1.48833   0.24616   0.07757   0.29072   0.21001   0.02325   0.05831   0.02315   0.02280   0.09429   0.14091   0.18202   0.05041   0.06878   0.26652   0.30599   0.23123   0.19654   0.21996   1.05857   1.31248   0.01716   0.10311   2.32904  
  3 1600.8837  12730.761270  x:  0.54420   0.18223   1.49358   0.25921   0.08651   0.29094   0.19550   0.01619   0.03159   0.01133   0.01987   0.05706   0.15401   0.20551   0.04931   0.06395   0.26323   0.31674   0.25489   0.21352   0.22638   1.09955   1.31123   0.01886   0.06274   2.32866  
  4 1078.2265  12697.240703  x:  0.56042   0.21738   1.50092   0.27600   0.09702   0.29057   0.19212   0.02454   0.01913   0.03456   0.02023   0.01000   0.17020   0.23600   0.04777   0.05717   0.25691   0.33005   0.28652   0.23493   0.23338   1.15830   1.30752   0.02280   0.06662   2.32825  
  5 1509.3095  12653.387655  x:  0.58961   0.27951   1.51546   0.30499   0.11316   0.29365   0.18879   0.02103   0.02971   0.00856   0.01306   0.00769   0.19648   0.28665   0.04909   0.05354   0.24451   0.35312   0.34358   0.27084   0.24383   1.27136   1.29869   0.03157   0.09831   2.32769  
  6 1277.3794  12615.851752  x:  0.63106   0.36613   1.53816   0.34438   0.13123   0.30090   0.17227   0.01515   0.01697   0.02520   0.03600   0.06528   0.22999   0.35274   0.05448   0.05853   0.22724   0.38494   0.42462   0.31848   0.25651   1.44014   1.28436   0.04544   0.11349   2.32707  
  7 2743.5210  12608.880764  x:  0.63606   0.37479   1.54546   0.34523   0.12259   0.30158   0.16976   0.03630   0.01110   0.02583   0.02028   0.07380   0.22676   0.35144   0.05690   0.06831   0.22539   0.38586   0.43521   0.31715   0.25258   1.48026   1.27534   0.05316   0.11062   2.32765  
  8 466.5523  12591.010632  x:  0.64301   0.38278   1.56893   0.33626   0.08273   0.30270   0.17032   0.02178   0.01334   0.03257   0.00696   0.07145   0.20421   0.32576   0.05380   0.08649   0.22410   0.38024   0.45323   0.29738   0.23352   1.59091   1.24155   0.08151   0.10580   2.33034  
  9 545.8165  12568.449469  x:  0.65315   0.39319   1.60699   0.32027   0.01825   0.30444   0.17523   0.01859   0.01572   0.02774   0.02060   0.06214   0.16710   0.28234   0.04845   0.11346   0.22282   0.37060   0.48062   0.26407   0.20246   1.76861   1.18621   0.12784   0.09898   2.33484  
 10 5456.6947  12553.441298  x:  0.64828   0.37465   1.63836   0.29658   0.03145   0.31377   0.17553   0.02369   0.01453   0.02721   0.01894   0.06613   0.15405   0.24198   0.02836   0.07001   0.23628   0.37376   0.48683   0.23951   0.19335   1.88971   1.13879   0.16598   0.09285   2.33980  
 11 471.2733  12544.121840  x:  0.63918   0.34881   1.66637   0.27163   0.05420   0.32198   0.17407   0.02287   0.01366   0.02697   0.01973   0.06425   0.15002   0.21228   0.06209   0.04759   0.25114   0.37731   0.48612   0.22315   0.19435   1.98746   1.09689   0.19895   0.09039   2.34464  
 12 866.6604  12533.154624  x:  0.61353   0.28615   1.71083   0.22464   0.09871   0.33184   0.17256   0.01883   0.01335   0.02651   0.02324   0.05808   0.16503   0.20305   0.05361   0.08482   0.27784   0.38050   0.46888   0.22268   0.22455   2.10760   1.03352   0.24675   0.09001   2.35312  
 13 393.3824  12527.700092  x:  0.59435   0.24101   1.74699   0.19549   0.07827   0.32705   0.17093   0.01987   0.01230   0.02667   0.02226   0.06071   0.17159   0.23892   0.05545   0.07021   0.28190   0.36681   0.45047   0.24105   0.25026   2.16017   0.99073   0.27751   0.08815   2.35926  
 14 202.9605  12525.492174  x:  0.59016   0.23205   1.81622   0.20439   0.08758   0.31530   0.17099   0.02006   0.01275   0.02667   0.02270   0.06162   0.17786   0.24908   0.05599   0.07177   0.24292   0.37433   0.44216   0.24559   0.23341   2.15583   0.94155   0.30784   0.08528   2.36731  
 15 51.2680  12521.563739  x:  0.60670   0.25745   2.01713   0.24276   0.08268   0.31947   0.17320   0.02240   0.01517   0.02751   0.02270   0.06419   0.18690   0.24788   0.05785   0.07457   0.28547   0.38276   0.43312   0.26473   0.23544   2.11839   0.82986   0.36493   0.08264   2.38931  
 16 79.2627  12520.604131  x:  0.61719   0.25362   2.08524   0.24585   0.08092   0.34585   0.17360   0.02307   0.01584   0.02766   0.02261   0.06297   0.17175   0.25171   0.05817   0.07503   0.27695   0.39083   0.44000   0.25295   0.25921   2.11196   0.81706   0.35486   0.08270   2.39790  
 17 44.0470  12519.794987  x:  0.62957   0.24007   2.15982   0.23356   0.07729   0.35159   0.17314   0.02320   0.01585   0.02766   0.02251   0.06242   0.18656   0.25800   0.05805   0.07456   0.28000   0.39191   0.44955   0.23866   0.25038   2.11397   0.82308   0.31739   0.08384   2.40903  
 18 36.5678  12518.879428  x:  0.64272   0.22612   2.24925   0.21335   0.07908   0.33577   0.17380   0.02316   0.01605   0.02751   0.02250   0.06225   0.18211   0.24610   0.05765   0.07378   0.27801   0.38903   0.46219   0.25611   0.24872   2.11936   0.83402   0.26346   0.08481   2.42377  
 19 72.2765  12518.760709  x:  0.63974   0.23147   2.25822   0.20703   0.08376   0.33181   0.17372   0.02300   0.01602   0.02745   0.02263   0.06234   0.17500   0.25146   0.05765   0.07424   0.27984   0.38550   0.46207   0.25350   0.24656   2.12015   0.83142   0.25438   0.08475   2.42718  
 20 14.0708  12518.503035  x:  0.62009   0.24895   2.26794   0.19603   0.08453   0.33406   0.17347   0.02304   0.01603   0.02737   0.02261   0.06235   0.18072   0.24803   0.05748   0.07379   0.27484   0.37473   0.46540   0.25240   0.25042   2.12144   0.81404   0.22926   0.08429   2.43874  
 21 11.5839  12517.969492  x:  0.58330   0.25376   2.27335   0.19775   0.08061   0.33548   0.17292   0.02303   0.01588   0.02734   0.02257   0.06237   0.17741   0.24948   0.05746   0.07380   0.27879   0.38578   0.48652   0.25469   0.24594   2.12388   0.76697   0.17348   0.08409   2.46571  
 22 21.1243  12515.129172  x:  0.62635   0.27776   2.24747   0.16453   0.06765   0.32984   0.16826   0.02219   0.01369   0.02691   0.02265   0.06315   0.18358   0.25308   0.05727   0.07225   0.27545   0.42979   0.50000   0.25885   0.24851   2.13860   0.46868  -0.11051   0.08237   2.60738  
 23 29.8242  12513.667432  x:  0.65461   0.26801   2.23389   0.18721   0.07805   0.33465   0.16523   0.02145   0.01227   0.02662   0.02304   0.06278   0.18180   0.25739   0.05705   0.07289   0.27367   0.39094   0.51988   0.26105   0.24530   2.15087   0.32248  -0.25040   0.08151   2.67589  
 24 96.5141  12512.453599  x:  0.64348   0.27704   2.24839   0.25643   0.07666   0.33460   0.16252   0.02056   0.01101   0.02602   0.02322   0.06178   0.18136   0.25907   0.05653   0.07161   0.27152   0.39458   0.43591   0.26095   0.24770   2.19651   0.30994  -0.30899   0.08147   2.68475  
 25  7.8930  12505.357810  x:  0.64195   0.29088   2.33326   0.25618   0.07151   0.27793   0.14823   0.01794   0.00604   0.02361   0.02426   0.06394   0.19907   0.26606   0.05527   0.06865   0.26642   0.40755   0.50269   0.23099   0.28905   2.27889   0.43532  -0.15126   0.07951   2.53373  
 26  4.6586  12501.156534  x:  0.64334   0.30073   2.38046   0.23190   0.07166   0.31456   0.13877   0.01670   0.00319   0.02237   0.02478   0.06187   0.19516   0.27617   0.05518   0.06878   0.26391   0.41229   0.52864   0.26288   0.26196   2.32465   0.50938  -0.05815   0.07895   2.44501  
 27 125.6184  12483.073485  x:  0.64754   0.34289   2.54924   0.19711   0.07225   0.36158   0.09573   0.01918   0.01016   0.01510   0.02723   0.05865   0.20505   0.32050   0.05461   0.06664   0.24861   0.43448   0.63475   0.32549   0.22850   2.61958   0.61181   0.10985   0.07748   1.82444  
 28  3.2575  12478.538758  x:  0.69262   0.36112   2.52497   0.20656   0.06771   0.35414   0.07597   0.02163   0.01099   0.01545   0.02696   0.05932   0.20653   0.32592   0.05425   0.06737   0.24779   0.43241   0.65161   0.32423   0.23167   2.72888   0.93886   0.45262   0.07609   3.29143  
 29  3.2343  12473.798180  x:  0.68360   0.35155   2.56743   0.20469   0.06471   0.32422   0.05336   0.02408   0.01117   0.01942   0.02553   0.05878   0.20472   0.31161   0.05348   0.06955   0.26064   0.42392   0.65357   0.29630   0.25220   2.85041   0.57362   0.09535   0.06956   2.94403  
 30  0.7618  12472.364447  x:  0.67049   0.32771   2.55747   0.18951   0.06533   0.32263   0.05573   0.02038   0.01206   0.02209   0.02379   0.06307   0.19236   0.28746   0.05309   0.06973   0.26535   0.41457   0.62189   0.28232   0.24341   2.78253   0.58298   0.06138   0.06913   2.72064  
 31  0.1556  12471.756704  x:  0.66547   0.32208   2.53331   0.19039   0.06570   0.32138   0.04733   0.02356   0.01285   0.01987   0.02291   0.06802   0.19165   0.28287   0.05368   0.07009   0.26002   0.41468   0.60770   0.27885   0.24198   2.75265   0.61798   0.07349   0.07005   2.59491  
 32  0.0989  12471.533695  x:  0.66390   0.32327   2.51377   0.19492   0.06611   0.32594   0.04526   0.02151   0.01362   0.01957   0.02334   0.06916   0.19388   0.28746   0.05338   0.06873   0.25835   0.41626   0.60506   0.28364   0.24278   2.70915   0.63677   0.10180   0.07180   2.61191  
 33  0.0470  12471.476539  x:  0.66152   0.32196   2.50259   0.19729   0.06590   0.32467   0.04723   0.02221   0.01386   0.01946   0.02356   0.06895   0.19375   0.28782   0.05344   0.06928   0.25962   0.41497   0.60203   0.28338   0.24376   2.68270   0.61494   0.08120   0.07227   2.59978  
 34  0.0418  12471.452711  x:  0.66068   0.32173   2.50347   0.19675   0.06545   0.32231   0.04615   0.02216   0.01420   0.01971   0.02386   0.06790   0.19314   0.28756   0.05327   0.06959   0.26053   0.41378   0.60290   0.28250   0.24365   2.67908   0.60579   0.06943   0.07197   2.60093  
 35  0.0113  12471.444346  x:  0.66142   0.32223   2.50497   0.19583   0.06523   0.32269   0.04671   0.02227   0.01445   0.01966   0.02413   0.06716   0.19324   0.28750   0.05320   0.06939   0.25968   0.41447   0.60356   0.28279   0.24320   2.67833   0.61871   0.08165   0.07190   2.60589  
 36  0.0099  12471.440801  x:  0.66165   0.32216   2.50518   0.19607   0.06533   0.32258   0.04669   0.02224   0.01471   0.01952   0.02419   0.06746   0.19348   0.28714   0.05325   0.06918   0.26002   0.41466   0.60296   0.28230   0.24361   2.68254   0.61192   0.07681   0.07184   2.59837  
 37  0.0046  12471.439972  x:  0.66175   0.32239   2.50564   0.19630   0.06540   0.32280   0.04672   0.02223   0.01480   0.01961   0.02415   0.06755   0.19340   0.28747   0.05332   0.06935   0.26005   0.41454   0.60338   0.28262   0.24345   2.68388   0.61337   0.07780   0.07189   2.60449  
 38  0.0042  12471.439902  x:  0.66161   0.32232   2.50594   0.19622   0.06535   0.32275   0.04671   0.02224   0.01481   0.01960   0.02411   0.06758   0.19340   0.28750   0.05329   0.06937   0.25995   0.41457   0.60357   0.28260   0.24356   2.68363   0.61354   0.07817   0.07187   2.60343  
 39  0.0007  12471.439886  x:  0.66164   0.32230   2.50614   0.19618   0.06538   0.32277   0.04673   0.02224   0.01481   0.01960   0.02409   0.06754   0.19342   0.28752   0.05327   0.06937   0.26000   0.41459   0.60362   0.28263   0.24350   2.68364   0.61328   0.07793   0.07186   2.60333  
 40  0.0002  12471.439884  x:  0.66166   0.32231   2.50604   0.19622   0.06538   0.32275   0.04673   0.02224   0.01482   0.01960   0.02409   0.06753   0.19342   0.28751   0.05328   0.06936   0.25999   0.41457   0.60356   0.28261   0.24352   2.68364   0.61337   0.07796   0.07187   2.60348  
 41  0.0001  12471.439883  x:  0.66165   0.32232   2.50600   0.19621   0.06538   0.32275   0.04673   0.02224   0.01482   0.01960   0.02409   0.06753   0.19342   0.28751   0.05328   0.06936   0.25999   0.41457   0.60356   0.28262   0.24351   2.68363   0.61337   0.07797   0.07187   2.60350  
 42  0.0000  12471.439883  x:  0.66165   0.32232   2.50600   0.19621   0.06538   0.32275   0.04673   0.02224   0.01482   0.01960   0.02409   0.06753   0.19342   0.28751   0.05328   0.06936   0.25999   0.41457   0.60356   0.28262   0.24351   2.68364   0.61337   0.07797   0.07187   2.60351  