

TREE # 1

  0  0.0000  13199.837108  x:  0.49066   0.12315   1.40725   0.21092   0.05949   0.27401   0.00000   0.01416   0.02254   0.03229   0.04808   0.11610   0.10305   0.13446   0.05153   0.07323   0.25726   0.26541   0.19073   0.16846   0.21291   1.00000   0.20000  
  1 99.0000  13139.954518  x:  0.49584   0.13391   1.40918   0.21745   0.06812   0.27801   0.12178   0.02078   0.01536   0.02289   0.03917   0.11573   0.11483   0.14887   0.05223   0.07213   0.25806   0.27230   0.20154   0.17635   0.21621   1.01086   0.23458  
  2 3730.0224  13069.191718  x:  0.51435   0.17111   1.41531   0.23995   0.09254   0.28341   0.10934   0.01446   0.00806   0.00807   0.00959   0.08031   0.14932   0.19295   0.05316   0.06819   0.26058   0.29528   0.23953   0.20343   0.22714   1.05597   0.30289  
  3 1017.2237  13037.357213  x:  0.52986   0.20183   1.42026   0.25795   0.11006   0.28739   0.10317   0.02471   0.02134   0.03352   0.02350   0.05120   0.17550   0.22734   0.05359   0.06512   0.26177   0.31387   0.27103   0.22517   0.23557   1.09840   0.34593  
  4 2767.9064  13013.357719  x:  0.54309   0.22667   1.42380   0.26908   0.11149   0.28750   0.10392   0.02818   0.00497   0.02252   0.04289   0.04390   0.18558   0.24559   0.05243   0.06474   0.25799   0.32633   0.29698   0.23899   0.23862   1.15926   0.32420  
  5 657.7315  12994.849505  x:  0.55583   0.25054   1.42729   0.27929   0.11137   0.28729   0.10615   0.02717   0.01495   0.00726   0.05182   0.04076   0.19402   0.26199   0.05141   0.06472   0.25379   0.33802   0.32208   0.25170   0.24100   1.22143   0.29911  
  6 3570.1965  12968.042100  x:  0.57660   0.28946   1.43363   0.29444   0.10704   0.28617   0.11185   0.01170   0.01776   0.02291   0.03373   0.04783   0.20436   0.28544   0.05042   0.06568   0.24551   0.35627   0.36362   0.27050   0.24311   1.33379   0.25278  
  7 2381.1408  12960.510893  x:  0.58245   0.30035   1.43691   0.29673   0.10034   0.28502   0.11049   0.03302   0.01803   0.02555   0.02091   0.05821   0.20271   0.28735   0.05144   0.06674   0.24171   0.36047   0.37645   0.27299   0.24134   1.38049   0.24664  
  8 943.0181  12932.002387  x:  0.59237   0.31804   1.45596   0.28347   0.04439   0.27829   0.10312   0.02533   0.01852   0.02525   0.03082   0.10717   0.16285   0.25128   0.05913   0.07123   0.22405   0.36039   0.40843   0.25370   0.21872   1.59282   0.30567  
  9 577.8135  12916.819060  x:  0.57821   0.29421   1.46919   0.25363   0.05545   0.28185   0.10630   0.02866   0.01951   0.02809   0.02159   0.06305   0.14684   0.21373   0.03945   0.05516   0.23018   0.35535   0.40334   0.22668   0.20467   1.72567   0.32101  
 10 379.3815  12911.853181  x:  0.56793   0.27666   1.47562   0.23726   0.06889   0.28590   0.10713   0.02936   0.01976   0.02880   0.01924   0.04885   0.14820   0.20364   0.05851   0.06830   0.23803   0.35184   0.39605   0.21756   0.20384   1.78105   0.32547  
 11 507.4550  12906.862820  x:  0.54893   0.24377   1.48573   0.21322   0.09546   0.29489   0.10453   0.02825   0.01963   0.02825   0.02266   0.06715   0.16631   0.20997   0.05332   0.06919   0.25600   0.34455   0.37888   0.21690   0.21601   1.84256   0.33305  
 12 270.9734  12905.824008  x:  0.54278   0.23107   1.49258   0.20736   0.08420   0.29208   0.10488   0.02864   0.01972   0.02852   0.02169   0.06240   0.16704   0.22248   0.05482   0.06573   0.25688   0.33529   0.36868   0.22638   0.22668   1.85657   0.33424  
 13 82.0679  12905.692507  x:  0.54302   0.22881   1.49968   0.21098   0.08525   0.29042   0.10491   0.02868   0.01973   0.02856   0.02162   0.06181   0.16631   0.22412   0.05170   0.07034   0.25246   0.33413   0.36399   0.22791   0.22663   1.85857   0.33453  
 14 22.6880  12905.456310  x:  0.54506   0.22523   1.51891   0.22137   0.08970   0.28776   0.10483   0.02859   0.01972   0.02852   0.02179   0.06260   0.16591   0.22571   0.05426   0.06673   0.24410   0.33274   0.35294   0.22936   0.22473   1.86209   0.33438  
 15 42.7316  12905.214137  x:  0.55090   0.22555   1.54832   0.23267   0.08587   0.28972   0.10490   0.02861   0.01971   0.02852   0.02162   0.06211   0.16994   0.22466   0.05384   0.06715   0.25259   0.33211   0.34142   0.22676   0.22333   1.86455   0.33331  
 16 28.0915  12905.108779  x:  0.55259   0.22517   1.56523   0.23147   0.08693   0.29170   0.10491   0.02857   0.01970   0.02850   0.02158   0.06229   0.16493   0.22220   0.05391   0.06719   0.25512   0.33569   0.34301   0.22916   0.22893   1.86399   0.33279  
 17 15.6380  12904.910821  x:  0.55301   0.22280   1.59962   0.21741   0.08503   0.29324   0.10486   0.02853   0.01966   0.02843   0.02162   0.06214   0.16663   0.22578   0.05393   0.06713   0.25121   0.33939   0.35489   0.22505   0.22693   1.86093   0.33109  
 18 17.9967  12904.838130  x:  0.55286   0.22270   1.60803   0.21432   0.08600   0.28951   0.10490   0.02848   0.01965   0.02841   0.02168   0.06229   0.16908   0.22236   0.05390   0.06718   0.25209   0.33468   0.36029   0.22991   0.22430   1.86047   0.33079  
 19  9.9761  12904.669127  x:  0.55285   0.22469   1.61126   0.21431   0.09012   0.28616   0.10477   0.02837   0.01963   0.02835   0.02186   0.06274   0.16247   0.22820   0.05398   0.06718   0.25677   0.32785   0.36418   0.22837   0.22109   1.86259   0.33067  
 20  3.6663  12900.262453  x:  0.54706   0.26149   1.61829   0.22980   0.09546   0.31426   0.10046   0.02695   0.01889   0.02727   0.02282   0.06044   0.17149   0.23158   0.05318   0.06692   0.23796   0.28337   0.39280   0.21140   0.25379   1.93169   0.32944  
 21  6.3453  12881.752227  x:  0.50803   0.33834   1.62198   0.25925   0.07768   0.29127   0.08325   0.01995   0.01551   0.02227   0.02806   0.05489   0.19261   0.27243   0.05188   0.06481   0.24036   0.37784   0.44453   0.26410   0.22685   2.24069   0.32814  
 22 77.4648  12880.752335  x:  0.56300   0.33382   1.61640   0.23970   0.08197   0.28599   0.08231   0.01958   0.01535   0.02206   0.02828   0.05468   0.19480   0.27499   0.05174   0.06468   0.23761   0.37761   0.43653   0.26765   0.22855   2.25700   0.32906  
 23 31.6180  12880.475276  x:  0.58294   0.30948   1.61322   0.24845   0.08019   0.29053   0.08205   0.01952   0.01530   0.02200   0.02818   0.05434   0.19476   0.27583   0.05172   0.06460   0.23859   0.37784   0.44934   0.26760   0.22704   2.26134   0.32895  
 24 18.8436  12880.467248  x:  0.58318   0.30889   1.61323   0.24898   0.08021   0.28782   0.08207   0.01951   0.01530   0.02200   0.02818   0.05439   0.19539   0.27557   0.05172   0.06459   0.23878   0.37825   0.44997   0.26599   0.22872   2.26158   0.32898  
 25  1.9766  12875.816887  x:  0.57987   0.29022   1.65860   0.22320   0.08278   0.28994   0.06127   0.02181   0.01303   0.01900   0.02186   0.07149   0.18686   0.26265   0.05370   0.06677   0.24583   0.36323   0.45287   0.25361   0.22529   2.44733   0.33905  
 26  0.2053  12874.529593  x:  0.57353   0.28872   1.65272   0.22752   0.08306   0.29176   0.04938   0.02307   0.01342   0.01776   0.02384   0.06219   0.18495   0.25773   0.05181   0.06473   0.24349   0.36102   0.44182   0.25101   0.22832   2.45383   0.33831  
 27  0.0137  12873.856251  x:  0.57670   0.28921   1.63475   0.23737   0.07905   0.28887   0.04335   0.02169   0.01504   0.01901   0.02371   0.06713   0.18532   0.25869   0.05330   0.06579   0.24116   0.36468   0.43390   0.25440   0.22704   2.37278   0.33194  
 28  0.0472  12873.818313  x:  0.57786   0.28721   1.63959   0.23242   0.08143   0.28927   0.04398   0.02157   0.01489   0.01917   0.02394   0.06798   0.18528   0.25881   0.05272   0.06547   0.24365   0.36403   0.43655   0.25358   0.22682   2.35946   0.33100  
 29  0.0140  12873.814901  x:  0.57755   0.28687   1.64072   0.23102   0.08135   0.28937   0.04337   0.02160   0.01468   0.01916   0.02389   0.06805   0.18528   0.25891   0.05270   0.06551   0.24355   0.36385   0.43757   0.25341   0.22687   2.35963   0.33102  
 30  0.0018  12873.814086  x:  0.57732   0.28702   1.64017   0.23113   0.08113   0.28934   0.04357   0.02159   0.01455   0.01921   0.02389   0.06796   0.18533   0.25903   0.05275   0.06554   0.24330   0.36394   0.43766   0.25351   0.22689   2.35829   0.33106  
 31  0.0012  12873.814020  x:  0.57739   0.28704   1.63990   0.23138   0.08121   0.28930   0.04354   0.02159   0.01453   0.01923   0.02387   0.06796   0.18532   0.25897   0.05275   0.06552   0.24338   0.36393   0.43739   0.25351   0.22687   2.35828   0.33112  
 32  0.0004  12873.814018  x:  0.57742   0.28702   1.63995   0.23139   0.08120   0.28931   0.04354   0.02159   0.01453   0.01923   0.02388   0.06797   0.18531   0.25896   0.05275   0.06552   0.24338   0.36393   0.43736   0.25351   0.22687   2.35832   0.33112  
 33  0.0001  12873.814018  x:  0.57742   0.28702   1.63997   0.23139   0.08120   0.28931   0.04354   0.02159   0.01453   0.01924   0.02388   0.06797   0.18531   0.25895   0.05275   0.06552   0.24338   0.36393   0.43736   0.25350   0.22687   2.35834   0.33111  
 34  0.0000  12873.814018  x:  0.57742   0.28702   1.63996   0.23139   0.08120   0.28931   0.04354   0.02159   0.01453   0.01924   0.02388   0.06797   0.18531   0.25896   0.05275   0.06552   0.24338   0.36393   0.43737   0.25351   0.22687   2.35835   0.33111  
 35  0.0000  12873.814018  x:  0.57742   0.28702   1.63996   0.23139   0.08120   0.28931   0.04354   0.02159   0.01453   0.01924   0.02388   0.06797   0.18531   0.25896   0.05275   0.06552   0.24338   0.36393   0.43737   0.25351   0.22687   2.35835   0.33111  
 36  0.0000  12873.814018  x:  0.57742   0.28702   1.63996   0.23139   0.08120   0.28931   0.04354   0.02159   0.01453   0.01924   0.02388   0.06797   0.18531   0.25896   0.05275   0.06552   0.24338   0.36393   0.43737   0.25351   0.22687   2.35835   0.33111  