

TREE # 1

  0  0.0000  16647.195450  x:  0.50505   0.13182   1.45917   0.22066   0.05122   0.26888   0.00000   0.01118   0.01759   0.01913   0.04262   0.11446   0.11398   0.13429   0.03343   0.07846   0.26390   0.28615   0.20298   0.15643   0.21707   1.00000   0.00500  
  1 99.0000  13126.052015  x:  0.50526   0.13240   1.45939   0.22096   0.05169   0.26912   0.04462   0.01159   0.01753   0.01913   0.04243   0.11451   0.11437   0.13480   0.03375   0.07846   0.26401   0.28641   0.20343   0.15679   0.21725   0.99997   0.28432  
  2 268243.7240  13062.709156  x:  0.52222   0.16638   1.46252   0.24163   0.08748   0.27597   0.03694   0.05585   0.00426   0.01806   0.01259   0.08433   0.15010   0.18926   0.06943   0.07279   0.26456   0.30641   0.23954   0.19284   0.22835   1.05158   0.28546  
  3 947.5369  13046.486324  x:  0.53191   0.18567   1.46436   0.25292   0.10479   0.27964   0.03511   0.06771   0.03101   0.01955   0.00912   0.06811   0.16848   0.21754   0.08292   0.06864   0.26437   0.31732   0.25989   0.21229   0.23421   1.08288   0.28571  
  4 3088.7080  13023.742724  x:  0.54830   0.21797   1.46768   0.27049   0.12612   0.28482   0.04090   0.06024   0.03308   0.01965   0.05503   0.04760   0.19412   0.25830   0.08997   0.05978   0.26248   0.33425   0.29370   0.24192   0.24255   1.14187   0.28474  
  5 1743.8510  12987.658804  x:  0.56456   0.24983   1.47154   0.28504   0.13409   0.28730   0.05409   0.01175   0.02772   0.01438   0.04435   0.05176   0.21010   0.28755   0.07395   0.05194   0.25732   0.34818   0.32693   0.26542   0.24725   1.21488   0.28264  
  6 1037.9037  12969.600386  x:  0.57785   0.27604   1.47589   0.29242   0.12102   0.28502   0.06151   0.01889   0.02553   0.03966   0.04119   0.07228   0.20960   0.29576   0.03611   0.05610   0.24802   0.35553   0.35467   0.27599   0.24522   1.30083   0.28151  
  7 748.7908  12941.332027  x:  0.59300   0.30720   1.48366   0.29332   0.07761   0.27690   0.04436   0.02997   0.02747   0.01091   0.04303   0.08314   0.19008   0.28299   0.02718   0.08993   0.23027   0.35884   0.39002   0.27518   0.23314   1.45249   0.28444  
  8 793.5158  12928.079723  x:  0.59958   0.32191   1.48905   0.28976   0.04857   0.27233   0.02907   0.02257   0.02572   0.02640   0.04210   0.07933   0.17451   0.26801   0.04770   0.10493   0.22080   0.35931   0.40892   0.26902   0.22336   1.55323   0.28705  
  9 1453.4248  12913.108318  x:  0.59373   0.31661   1.49739   0.27053   0.04195   0.27608   0.05737   0.03128   0.02559   0.02289   0.03742   0.05468   0.15751   0.23165   0.06309   0.06448   0.22423   0.35978   0.41678   0.24389   0.20888   1.68287   0.28278  
 10 482.1875  12906.498406  x:  0.58243   0.29956   1.50380   0.25372   0.06638   0.28424   0.03613   0.03034   0.02506   0.02196   0.03749   0.05178   0.15987   0.21509   0.05725   0.05089   0.23781   0.36147   0.41222   0.22847   0.20793   1.74889   0.28629  
 11 354.0249  12902.031762  x:  0.56823   0.27683   1.51094   0.23545   0.09038   0.29313   0.04236   0.03020   0.02607   0.02254   0.03944   0.06559   0.16787   0.20890   0.06512   0.06282   0.25440   0.36131   0.40299   0.21813   0.21315   1.80364   0.28537  
 12 388.9598  12900.109765  x:  0.55677   0.25630   1.51854   0.22227   0.08562   0.29425   0.04456   0.02908   0.02539   0.02389   0.03803   0.05402   0.17235   0.21972   0.05895   0.07001   0.26257   0.35432   0.39106   0.22235   0.22547   1.82901   0.28509  
 13 136.7699  12899.480877  x:  0.55228   0.24703   1.52462   0.21813   0.08001   0.29313   0.04217   0.02978   0.02580   0.02274   0.03884   0.06014   0.17357   0.22719   0.06176   0.06322   0.26299   0.35031   0.38492   0.22737   0.23171   1.83823   0.28549  
 14 95.8510  12899.126958  x:  0.55235   0.23845   1.54852   0.22424   0.08556   0.28902   0.04269   0.02952   0.02584   0.02294   0.03891   0.05979   0.17158   0.22894   0.06178   0.06358   0.24827   0.35000   0.37447   0.23170   0.22939   1.84371   0.28542  
 15 23.0972  12898.623747  x:  0.56196   0.23568   1.60597   0.23941   0.08182   0.29014   0.04265   0.02951   0.02580   0.02287   0.03881   0.05974   0.17822   0.23021   0.06162   0.06342   0.25546   0.34840   0.35802   0.22776   0.22327   1.84922   0.28540  
 16 31.6771  12898.466094  x:  0.56502   0.23644   1.62682   0.24073   0.08273   0.29162   0.04287   0.02965   0.02573   0.02287   0.03864   0.05955   0.17263   0.22627   0.06191   0.06360   0.25941   0.34997   0.35794   0.23069   0.23105   1.84964   0.28535  
 17 28.3449  12898.291056  x:  0.56366   0.23692   1.65241   0.22592   0.08211   0.29370   0.04281   0.02953   0.02571   0.02285   0.03861   0.05971   0.17130   0.22996   0.06171   0.06350   0.25625   0.35280   0.37162   0.22452   0.23239   1.84707   0.28533  
 18 12.0524  12898.207795  x:  0.56182   0.23612   1.66187   0.21924   0.08156   0.29181   0.04286   0.02945   0.02567   0.02287   0.03854   0.05970   0.17527   0.22588   0.06159   0.06360   0.25669   0.35157   0.37893   0.22987   0.22910   1.84616   0.28532  
 19 13.1771  12898.100634  x:  0.56075   0.23584   1.66474   0.21769   0.08393   0.28740   0.04292   0.02920   0.02566   0.02289   0.03854   0.05988   0.16988   0.22891   0.06140   0.06378   0.26109   0.34884   0.38225   0.23245   0.22357   1.84733   0.28531  
 20  4.3084  12892.327107  x:  0.55864   0.26508   1.67333   0.23764   0.09508   0.29502   0.04259   0.02163   0.02288   0.02259   0.03291   0.06384   0.17465   0.23484   0.05545   0.06493   0.24691   0.28176   0.41246   0.22678   0.23736   1.93829   0.28553  
 21  3.1233  12884.171899  x:  0.55578   0.28362   1.67703   0.24544   0.07782   0.29169   0.04016   0.01158   0.01876   0.02173   0.02468   0.07028   0.17861   0.24490   0.04657   0.06644   0.24484   0.34560   0.42116   0.24254   0.23085   2.06346   0.28618  
 22 76.7820  12884.047129  x:  0.57136   0.28391   1.67572   0.23616   0.07944   0.29111   0.04017   0.01144   0.01872   0.02172   0.02458   0.07040   0.17875   0.24544   0.04657   0.06641   0.24395   0.34434   0.41639   0.24465   0.23002   2.06575   0.28619  
 23 11.8463  12883.971244  x:  0.58493   0.27137   1.67409   0.23794   0.07888   0.29121   0.04017   0.01145   0.01867   0.02169   0.02450   0.07041   0.17898   0.24544   0.04654   0.06640   0.24434   0.34468   0.42278   0.24378   0.23040   2.06701   0.28620  
 24  6.7889  12881.284886  x:  0.58815   0.27630   1.67812   0.23687   0.07258   0.32918   0.03889   0.01806   0.01746   0.01939   0.02309   0.07181   0.17148   0.25364   0.04808   0.06647   0.24159   0.36014   0.42724   0.26334   0.21432   2.13367   0.28660  
 25  0.2805  12879.188952  x:  0.59222   0.28699   1.68156   0.23672   0.07371   0.28563   0.03953   0.02256   0.01678   0.01781   0.02232   0.07228   0.18508   0.25434   0.05003   0.06521   0.24369   0.37554   0.43119   0.25311   0.22987   2.18309   0.28666  
 26 43.9053  12878.167719  x:  0.58457   0.29200   1.70122   0.23669   0.08345   0.29625   0.04115   0.02225   0.01403   0.01899   0.02317   0.07064   0.18791   0.26267   0.05370   0.06593   0.24586   0.37144   0.44817   0.25708   0.22841   2.27804   0.28690  
 27  0.0739  12878.035289  x:  0.58668   0.29132   1.70555   0.23467   0.08206   0.29070   0.03895   0.02186   0.01431   0.01945   0.02461   0.06922   0.18886   0.26326   0.05288   0.06575   0.24461   0.36770   0.44827   0.25602   0.22899   2.29640   0.28775  
 28  0.0110  12877.828823  x:  0.58839   0.29376   1.70706   0.23651   0.07907   0.29183   0.04264   0.02057   0.01519   0.01957   0.02370   0.06618   0.18790   0.26161   0.05313   0.06316   0.24434   0.36551   0.44815   0.25579   0.22927   2.32072   0.28886  
 29  0.0062  12876.897030  x:  0.58689   0.29929   1.68967   0.24239   0.08030   0.29982   0.03979   0.01854   0.01784   0.01779   0.02429   0.06947   0.18412   0.25478   0.05313   0.07000   0.24657   0.37670   0.44858   0.25622   0.22790   2.36742   0.29837  
 30  0.0079  12874.898848  x:  0.58124   0.29160   1.65650   0.22909   0.08457   0.28147   0.04406   0.02221   0.01792   0.02233   0.02453   0.07155   0.18925   0.25970   0.04835   0.06696   0.24572   0.37996   0.44580   0.25343   0.23017   2.37422   0.31830  
 31  0.0122  12873.885011  x:  0.57633   0.28492   1.64643   0.22751   0.08075   0.29020   0.04315   0.02217   0.01541   0.01879   0.02359   0.06862   0.18651   0.26218   0.05356   0.06383   0.24197   0.36201   0.44043   0.25454   0.22686   2.36621   0.32909  
 32  0.0179  12873.816897  x:  0.57724   0.28695   1.64001   0.23199   0.08127   0.29004   0.04344   0.02186   0.01458   0.01932   0.02369   0.06786   0.18518   0.25917   0.05267   0.06586   0.24356   0.36303   0.43713   0.25370   0.22668   2.35959   0.33107  
 33  0.0094  12873.814165  x:  0.57752   0.28710   1.63978   0.23155   0.08119   0.28925   0.04356   0.02166   0.01455   0.01924   0.02392   0.06794   0.18525   0.25888   0.05280   0.06552   0.24335   0.36392   0.43725   0.25349   0.22682   2.35837   0.33116  
 34  0.0015  12873.814023  x:  0.57742   0.28704   1.64000   0.23136   0.08117   0.28933   0.04354   0.02159   0.01453   0.01924   0.02388   0.06796   0.18530   0.25893   0.05274   0.06551   0.24338   0.36395   0.43740   0.25351   0.22687   2.35843   0.33111  
 35  0.0003  12873.814018  x:  0.57741   0.28702   1.63996   0.23138   0.08120   0.28932   0.04354   0.02159   0.01453   0.01924   0.02388   0.06797   0.18531   0.25895   0.05274   0.06552   0.24338   0.36394   0.43737   0.25350   0.22687   2.35836   0.33111  
 36  0.0001  12873.814018  x:  0.57742   0.28702   1.63996   0.23139   0.08120   0.28931   0.04354   0.02159   0.01453   0.01924   0.02388   0.06797   0.18531   0.25896   0.05275   0.06552   0.24338   0.36393   0.43737   0.25350   0.22687   2.35835   0.33111  
 37  0.0000  12873.814018  x:  0.57742   0.28702   1.63996   0.23139   0.08120   0.28931   0.04354   0.02159   0.01453   0.01924   0.02388   0.06797   0.18531   0.25896   0.05275   0.06552   0.24338   0.36393   0.43737   0.25351   0.22687   2.35835   0.33111  
 38  0.0000  12873.814018  x:  0.57742   0.28702   1.63996   0.23139   0.08120   0.28931   0.04354   0.02159   0.01453   0.01924   0.02388   0.06797   0.18531   0.25896   0.05275   0.06552   0.24338   0.36393   0.43737   0.25351   0.22687   2.35835   0.33111  
 39  0.0000  12873.814018  x:  0.57742   0.28702   1.63996   0.23139   0.08120   0.28931   0.04354   0.02159   0.01453   0.01924   0.02388   0.06797   0.18531   0.25896   0.05275   0.06552   0.24338   0.36393   0.43737   0.25351   0.22687   2.35835   0.33111  
 40  0.0000  12873.814018  x:  0.57742   0.28702   1.63996   0.23139   0.08120   0.28931   0.04354   0.02159   0.01453   0.01924   0.02388   0.06797   0.18531   0.25896   0.05275   0.06552   0.24338   0.36393   0.43737   0.25351   0.22687   2.35835   0.33111  