

TREE # 1

  0  0.0000  13699.974868  x:  0.49553   0.11533   1.43382   0.22279   0.06072   0.28599   0.00000   0.01840   0.03222   0.02499   0.04628   0.12213   0.10931   0.14411   0.03360   0.08159   0.26897   0.28615   0.18688   0.16118   0.21575   0.48198   0.55957   0.52989   0.52284   0.56185  
  1 99.0000  13608.166397  x:  0.50314   0.12999   1.43444   0.22925   0.07194   0.28892   0.26997   0.01933   0.01584   0.01604   0.03406   0.11932   0.12178   0.16031   0.04597   0.07840   0.26774   0.29193   0.19966   0.17279   0.21936   0.55269   0.52689   0.52965   0.52233   0.56108  
  2 5790.9045  13344.994246  x:  0.52646   0.17421   1.43595   0.24907   0.09667   0.28674   0.25903   0.01573   0.00000   0.03722   0.00589   0.06458   0.15165   0.20150   0.05756   0.06692   0.26398   0.30864   0.23942   0.20674   0.22951   0.76212   0.41133   0.52909   0.52030   0.55843  
  3 1609.1732  13311.073868  x:  0.53056   0.18199   1.43621   0.25255   0.10102   0.28636   0.25724   0.01511   0.00022   0.04094   0.00097   0.05496   0.15691   0.20874   0.05960   0.06490   0.26332   0.31159   0.24642   0.21272   0.23130   0.79897   0.39099   0.52899   0.51994   0.55796  
  4 365150.3397  13151.376511  x:  0.55409   0.22660   1.43774   0.27250   0.12563   0.28420   0.24757   0.01552   0.00097   0.06044   0.01952   0.00000   0.18687   0.25012   0.07097   0.05346   0.25944   0.32844   0.28660   0.24685   0.24146   1.01057   0.27358   0.52843   0.51786   0.55526  
  5 48530.8940  13101.865042  x:  0.56644   0.25011   1.43890   0.28280   0.13682   0.28451   0.23876   0.02280   0.00127   0.06123   0.02680   0.04180   0.20140   0.27060   0.07459   0.04915   0.25709   0.33731   0.30826   0.26391   0.24618   1.12342   0.21484   0.52814   0.51655   0.55376  
  6 5370.7186  13055.039472  x:  0.57468   0.26612   1.44346   0.28897   0.13337   0.28528   0.23203   0.02657   0.00139   0.01101   0.02833   0.04608   0.20426   0.27759   0.06594   0.05752   0.25416   0.34306   0.32600   0.26964   0.24618   1.20187   0.25660   0.52798   0.51450   0.55255  
  7 879.8039  13039.243959  x:  0.57910   0.27558   1.44871   0.29069   0.12049   0.28585   0.23088   0.01721   0.00155   0.03475   0.03231   0.05427   0.19911   0.27519   0.05281   0.06675   0.25016   0.34559   0.33947   0.26756   0.24229   1.26373   0.30904   0.52776   0.51210   0.55126  
  8 817.2127  13030.564746  x:  0.57112   0.26514   1.45416   0.27615   0.07928   0.28304   0.23133   0.03673   0.00147   0.03793   0.03083   0.05272   0.17016   0.24511   0.04515   0.06740   0.24172   0.33791   0.34074   0.24266   0.22560   1.30661   0.31460   0.52736   0.50765   0.54858  
  9 277.4829  13026.077857  x:  0.56503   0.25671   1.45758   0.26626   0.05903   0.28302   0.23124   0.02076   0.00153   0.03404   0.03196   0.05389   0.15492   0.22735   0.04838   0.06813   0.23838   0.33442   0.34069   0.22798   0.21674   1.32807   0.31370   0.52714   0.50454   0.54669  
 10 493.7621  13024.644274  x:  0.55379   0.24021   1.46391   0.25192   0.07194   0.29082   0.23058   0.02225   0.00154   0.03472   0.03206   0.05403   0.15471   0.21449   0.05745   0.06591   0.24360   0.33942   0.34111   0.21701   0.21504   1.34102   0.31777   0.52667   0.49853   0.54298  
 11 87.7383  13024.145663  x:  0.54837   0.23224   1.46791   0.24405   0.07550   0.29392   0.23068   0.02081   0.00154   0.03416   0.03212   0.05396   0.15588   0.21204   0.04956   0.06413   0.24675   0.34103   0.34163   0.21486   0.21658   1.34521   0.31740   0.52636   0.49453   0.54060  
 12 99.6248  13023.697914  x:  0.54226   0.22352   1.47588   0.23224   0.07236   0.29589   0.23058   0.02124   0.00154   0.03428   0.03206   0.05380   0.15772   0.21557   0.04879   0.07210   0.25084   0.34110   0.34405   0.21766   0.22199   1.34833   0.31678   0.52574   0.48638   0.53578  
 13 60.2458  13023.231116  x:  0.53844   0.21871   1.48891   0.21939   0.06715   0.29579   0.23035   0.02164   0.00154   0.03449   0.03210   0.05402   0.15819   0.22109   0.05206   0.06439   0.25243   0.34064   0.35030   0.22255   0.22688   1.34992   0.31841   0.52472   0.47273   0.52760  
 14 60.2953  13020.789098  x:  0.54164   0.22932   1.58182   0.16783   0.07758   0.28577   0.23006   0.02105   0.00153   0.03415   0.03189   0.05384   0.14977   0.22511   0.05027   0.06785   0.23414   0.34508   0.40372   0.22648   0.21775   1.34578   0.31333   0.51712   0.36887   0.46670  
 15 63.7928  13018.612511  x:  0.54917   0.23707   1.66193   0.16392   0.06651   0.29335   0.22961   0.02170   0.00151   0.03412   0.03156   0.05320   0.17362   0.21361   0.04995   0.06852   0.25341   0.34288   0.43805   0.21754   0.21033   1.34463   0.30807   0.50943   0.25808   0.40425  
 16 115.6407  13014.971215  x:  0.55570   0.22798   1.75198   0.19235   0.06932   0.30130   0.22898   0.02205   0.00149   0.03408   0.03119   0.05255   0.15257   0.20810   0.04904   0.06960   0.26476   0.34406   0.43932   0.22278   0.22672   1.35439   0.30367   0.49834   0.08444   0.31261  
 17 138.8017  13014.186670  x:  0.55757   0.22568   1.76612   0.19355   0.06914   0.30059   0.22867   0.02204   0.00148   0.03410   0.03116   0.05258   0.15706   0.21361   0.04909   0.06955   0.25957   0.34396   0.42864   0.21992   0.22265   1.35837   0.30389   0.49594   0.04535   0.29273  
 18 137.1593  13012.825153  x:  0.56687   0.22904   1.78782   0.19019   0.06991   0.29270   0.22801   0.02185   0.00147   0.03399   0.03104   0.05268   0.16713   0.19749   0.04903   0.07009   0.25466   0.34477   0.40006   0.23744   0.22355   1.37102   0.30484   0.48959   0.05067   0.24236  
 19 14.2118  13010.438704  x:  0.57477   0.22644   1.81896   0.19786   0.07258   0.28874   0.22658   0.02154   0.00146   0.03371   0.03079   0.05262   0.16290   0.21726   0.04878   0.07019   0.26196   0.34674   0.37463   0.22843   0.21251   1.39079   0.30524   0.47845   0.07756   0.16385  
 20 71.8602  13007.427309  x:  0.56830   0.21073   1.82496   0.21959   0.06816   0.30259   0.22452   0.02143   0.00142   0.03334   0.03028   0.05197   0.17836   0.22293   0.04928   0.06995   0.22156   0.34518   0.38472   0.21815   0.22800   1.41305   0.30471   0.46400   0.09495   0.13630  
 21 28.1549  12951.025229  x:  0.59370   0.24372   1.55716   0.26772   0.10826   0.27088   0.16453   0.01503   0.00042   0.02417   0.01508   0.04106   0.22067   0.30298   0.06044   0.06001   0.22160   0.32070   0.45026   0.30299   0.16985   2.19118   0.31475   0.00010   0.14668   0.50378  
 22 34.5229  12945.577271  x:  0.59769   0.25083   1.52693   0.27143   0.11224   0.26880   0.15760   0.01447   0.00030   0.02320   0.01329   0.03973   0.22512   0.31207   0.06169   0.05887   0.22188   0.32038   0.45681   0.30987   0.16704   2.28108   0.31565   0.01940   0.15182   0.54551  
 23 439.0129  12941.288980  x:  0.61146   0.29604   1.51422   0.24963   0.10602   0.28482   0.15479   0.01489   0.00025   0.02291   0.01244   0.03865   0.22280   0.31537   0.06194   0.05843   0.22339   0.35011   0.44029   0.27223   0.21660   2.31440   0.31411   0.01830   0.15230   0.56442  
 24 103.1394  12940.996565  x:  0.58594   0.30872   1.52442   0.25557   0.10176   0.28611   0.15469   0.01507   0.00025   0.02291   0.01245   0.03860   0.22295   0.31614   0.06190   0.05844   0.22190   0.36600   0.43413   0.27550   0.21203   2.31419   0.31363   0.01830   0.15392   0.56950  
 25 10.6208  12940.688229  x:  0.56359   0.32271   1.53958   0.25929   0.10629   0.28201   0.15461   0.01497   0.00026   0.02288   0.01261   0.03888   0.22387   0.31678   0.06195   0.05840   0.22133   0.34973   0.42552   0.27096   0.21679   2.31501   0.31422   0.01852   0.15615   0.57595  
 26 11.1106  12939.284205  x:  0.57917   0.31955   1.59154   0.25990   0.10519   0.31882   0.15435   0.01620   0.00030   0.02295   0.01329   0.03882   0.21706   0.31992   0.06135   0.05859   0.21456   0.34007   0.40279   0.27488   0.20987   2.30511   0.31422   0.01927   0.16341   0.59751  
 27  5.1428  12935.318759  x:  0.62303   0.27270   1.70384   0.27717   0.09895   0.28000   0.15528   0.01829   0.00043   0.02315   0.01545   0.04179   0.22158   0.31742   0.06073   0.05888   0.21078   0.36658   0.37151   0.25004   0.22675   2.27617   0.31673   0.02179   0.17543   0.63756  
 28 39.3968  12924.607198  x:  0.56737   0.30810   1.53796   0.21738   0.08874   0.28810   0.15753   0.02583   0.00076   0.02482   0.02093   0.04712   0.19496   0.27261   0.05461   0.06439   0.24531   0.36859   0.45752   0.24850   0.23737   2.17304   0.33238   0.02734   0.11384   0.42040  
 29 15.1231  12903.746004  x:  0.58111   0.28616   1.71362   0.24326   0.08380   0.29653   0.08791   0.02179   0.00115   0.01212   0.02884   0.05818   0.16255   0.24990   0.05241   0.06883   0.27015   0.36784   0.44516   0.26354   0.23369   2.57773   0.36534   0.04299   0.10536   0.51063  
 30  0.2619  12894.712130  x:  0.57525   0.28869   1.69145   0.22794   0.07733   0.29209   0.04835   0.02165   0.00143   0.02510   0.03392   0.06329   0.17647   0.24347   0.05343   0.06624   0.25210   0.36685   0.43994   0.25211   0.22803   2.66886   0.36011   0.05175   0.09310   0.50939  
 31  0.0843  12890.275308  x:  0.57134   0.28468   1.63718   0.21385   0.07401   0.29070   0.05376   0.01491   0.00174   0.02409   0.03794   0.06544   0.18857   0.24558   0.05289   0.06483   0.23618   0.36746   0.44570   0.24552   0.22652   2.44056   0.33375   0.06157   0.08454   0.40237  
 32  0.1930  12888.337555  x:  0.57380   0.28386   1.62497   0.22602   0.08065   0.28298   0.04470   0.02195   0.00187   0.02203   0.03943   0.06666   0.19188   0.25654   0.05122   0.06401   0.23632   0.35962   0.44636   0.25287   0.22484   2.37022   0.32281   0.06627   0.08399   0.35833  
 33  0.0916  12887.582505  x:  0.57870   0.28560   1.64847   0.23502   0.08127   0.28949   0.04018   0.02030   0.00201   0.01949   0.04124   0.06921   0.18512   0.26127   0.05340   0.06545   0.24444   0.36484   0.43475   0.25404   0.22703   2.34699   0.32909   0.07157   0.09244   0.35598  
 34  0.0344  12887.356384  x:  0.57821   0.28659   1.64181   0.23471   0.08176   0.28917   0.04546   0.02091   0.00202   0.01968   0.04098   0.06937   0.18368   0.26150   0.05318   0.06559   0.24440   0.36483   0.43145   0.25276   0.22761   2.31615   0.33198   0.07316   0.09799   0.35902  
 35  0.0270  12886.578601  x:  0.57293   0.28667   1.60600   0.22086   0.08063   0.28252   0.04052   0.02084   0.00224   0.02096   0.04147   0.07209   0.18535   0.25485   0.05121   0.06475   0.23533   0.36146   0.43295   0.24777   0.22563   2.30517   0.34060   0.08823   0.11374   0.40257  
 36  0.0152  12884.236267  x:  0.57778   0.27239   1.65795   0.22807   0.08232   0.29102   0.04080   0.02121   0.00262   0.02448   0.03630   0.07110   0.17652   0.24504   0.05386   0.06532   0.25697   0.35832   0.45252   0.27085   0.22318   2.26534   0.32798   0.13452   0.12699   0.50202  
 37  0.0272  12881.295120  x:  0.57419   0.30538   1.60035   0.22432   0.08274   0.28975   0.04301   0.02273   0.00298   0.02079   0.02629   0.06819   0.18948   0.26419   0.05651   0.06233   0.25363   0.36608   0.44475   0.25442   0.22528   2.33741   0.32604   0.19462   0.14645   0.69379  
 38  0.0859  12879.597896  x:  0.57508   0.28679   1.62399   0.22614   0.07859   0.28449   0.04115   0.02060   0.00367   0.01837   0.02182   0.07112   0.17812   0.24844   0.05414   0.06172   0.24484   0.36594   0.44476   0.25153   0.23099   2.30469   0.33189   0.26333   0.12028   0.73824  
 39  0.0414  12878.285744  x:  0.57536   0.27984   1.62970   0.23120   0.08140   0.29417   0.03847   0.02128   0.00418   0.02140   0.02172   0.07350   0.18292   0.25767   0.05518   0.06427   0.24245   0.36048   0.43398   0.25842   0.22448   2.27032   0.33004   0.30352   0.06298   0.63251  
 40  0.0447  12876.447072  x:  0.57468   0.29539   1.61868   0.23102   0.08351   0.28674   0.04262   0.02366   0.00485   0.02103   0.02107   0.07528   0.19468   0.27447   0.05377   0.06300   0.24827   0.36622   0.43234   0.24307   0.22443   2.34304   0.33545   0.35631   0.07020   0.42398  
 41  0.0530  12875.543828  x:  0.57546   0.28991   1.62880   0.23026   0.08109   0.28843   0.04175   0.02257   0.00538   0.02050   0.02180   0.07696   0.18937   0.26618   0.05206   0.06529   0.24420   0.36607   0.43703   0.24780   0.22626   2.34849   0.33397   0.39481   0.08023   0.29842  
 42  0.1067  12875.069995  x:  0.57712   0.28430   1.64124   0.23116   0.07946   0.29059   0.04082   0.02147   0.00565   0.02001   0.01994   0.07680   0.18400   0.25817   0.05218   0.06587   0.24021   0.36506   0.43826   0.25340   0.22783   2.35359   0.33200   0.42196   0.10290   0.35807  
 43  0.1170  12874.545780  x:  0.57928   0.28561   1.64068   0.23268   0.08344   0.29219   0.03913   0.02090   0.00696   0.02017   0.02066   0.07939   0.18365   0.25685   0.05416   0.06516   0.24314   0.36035   0.42548   0.25602   0.22615   2.32541   0.33061   0.52077   0.12620   0.30852  
 44  0.0275  12873.620743  x:  0.57493   0.28925   1.62556   0.23008   0.08150   0.28746   0.04209   0.02323   0.00874   0.02090   0.02113   0.07829   0.18900   0.26137   0.05215   0.06481   0.24717   0.36877   0.43742   0.25101   0.22472   2.36134   0.33428   0.65663   0.13715   0.41089  
 45  0.0418  12873.003653  x:  0.57815   0.28460   1.64594   0.23030   0.07988   0.29178   0.04205   0.02128   0.01028   0.01971   0.02437   0.07636   0.18245   0.25592   0.05287   0.06539   0.24123   0.36288   0.44248   0.25355   0.22884   2.36849   0.32964   0.76615   0.11128   0.40771  
 46  0.0468  12872.820821  x:  0.57777   0.28807   1.64315   0.23179   0.08165   0.29046   0.04388   0.02194   0.01103   0.02015   0.02420   0.07418   0.18550   0.26064   0.05352   0.06480   0.24344   0.36347   0.43830   0.25483   0.22668   2.37869   0.33034   0.82459   0.08891   0.39103  
 47  0.0386  12872.700001  x:  0.57673   0.28800   1.63424   0.23032   0.08142   0.28823   0.04329   0.02212   0.01166   0.02019   0.02371   0.07173   0.18612   0.25899   0.05248   0.06520   0.24429   0.36630   0.43452   0.25225   0.22561   2.35844   0.33304   0.87455   0.10021   0.37802  
 48  0.0168  12872.651507  x:  0.57728   0.28645   1.63858   0.23119   0.08128   0.28954   0.04347   0.02178   0.01184   0.02014   0.02336   0.06907   0.18493   0.25845   0.05285   0.06527   0.24312   0.36368   0.43762   0.25344   0.22690   2.35919   0.33215   0.88888   0.09677   0.37568  
 49  0.0103  12872.640841  x:  0.57715   0.28707   1.63869   0.23145   0.08114   0.28947   0.04381   0.02177   0.01150   0.02012   0.02349   0.06821   0.18520   0.25964   0.05310   0.06510   0.24316   0.36375   0.43743   0.25356   0.22701   2.35998   0.33227   0.86175   0.09957   0.38233  
 50  0.0140  12872.639344  x:  0.57712   0.28699   1.63812   0.23105   0.08115   0.28914   0.04388   0.02180   0.01140   0.02014   0.02355   0.06810   0.18506   0.25904   0.05292   0.06518   0.24332   0.36402   0.43712   0.25341   0.22684   2.36017   0.33248   0.85403   0.09837   0.38022  
 51  0.0061  12872.639070  x:  0.57720   0.28680   1.63824   0.23132   0.08134   0.28928   0.04383   0.02181   0.01138   0.02012   0.02355   0.06813   0.18520   0.25901   0.05294   0.06518   0.24323   0.36389   0.43697   0.25345   0.22673   2.35978   0.33236   0.85218   0.09843   0.37849  
 52  0.0010  12872.637065  x:  0.57716   0.28698   1.63842   0.23140   0.08133   0.28943   0.04385   0.02182   0.01138   0.02011   0.02355   0.06809   0.18514   0.25886   0.05298   0.06518   0.24331   0.36395   0.43723   0.25335   0.22689   2.36031   0.33239   0.85093   0.09878   0.37809  
 53  0.0002  12872.608918  x:  0.57669   0.28952   1.64081   0.23279   0.08122   0.29137   0.04412   0.02185   0.01141   0.01990   0.02357   0.06754   0.18454   0.25686   0.05350   0.06518   0.24436   0.36501   0.44089   0.25182   0.22923   2.36723   0.33282   0.81815   0.10379   0.37236  
 54  0.0161  12872.377747  x:  0.57695   0.28973   1.64036   0.23302   0.08122   0.29122   0.04419   0.02182   0.01156   0.01993   0.02374   0.06759   0.18497   0.25706   0.05338   0.06521   0.24419   0.36490   0.44062   0.25198   0.22919   2.36693   0.33268   0.69029   0.10631   0.37434  
 55  0.0160  12871.999767  x:  0.57716   0.28952   1.63958   0.23300   0.08121   0.29078   0.04415   0.02170   0.01204   0.01982   0.02390   0.06762   0.18527   0.25732   0.05321   0.06524   0.24393   0.36469   0.43975   0.25226   0.22882   2.36503   0.33256   0.38288   0.10801   0.37519  
 56  1.8606  12871.863477  x:  0.57737   0.28705   1.63694   0.23132   0.08103   0.28883   0.04361   0.02158   0.01403   0.01987   0.02353   0.06817   0.18558   0.25948   0.05272   0.06525   0.24302   0.36373   0.43653   0.25360   0.22668   2.35560   0.33229   0.40547   0.10153   0.37987  
 57  0.0257  12871.860187  x:  0.57727   0.28699   1.63736   0.23127   0.08110   0.28896   0.04364   0.02158   0.01414   0.01982   0.02355   0.06814   0.18539   0.25927   0.05280   0.06523   0.24315   0.36378   0.43672   0.25354   0.22672   2.35647   0.33234   0.38524   0.10108   0.37962  
 58  0.0383  12871.859543  x:  0.57713   0.28697   1.63798   0.23125   0.08120   0.28918   0.04370   0.02161   0.01419   0.01977   0.02358   0.06808   0.18514   0.25896   0.05292   0.06520   0.24334   0.36388   0.43708   0.25342   0.22684   2.35791   0.33240   0.38832   0.10064   0.37924  
 59  0.0037  12871.859534  x:  0.57712   0.28690   1.63800   0.23120   0.08123   0.28917   0.04370   0.02162   0.01419   0.01976   0.02358   0.06807   0.18514   0.25897   0.05292   0.06519   0.24334   0.36388   0.43704   0.25342   0.22680   2.35788   0.33240   0.38812   0.10068   0.37943  
 60  0.0003  12871.859534  x:  0.57712   0.28690   1.63800   0.23120   0.08123   0.28917   0.04370   0.02162   0.01419   0.01976   0.02358   0.06807   0.18514   0.25897   0.05292   0.06519   0.24334   0.36388   0.43704   0.25342   0.22680   2.35789   0.33240   0.38817   0.10070   0.37944  
 61  0.0000  12871.859534  x:  0.57712   0.28690   1.63800   0.23120   0.08123   0.28917   0.04370   0.02162   0.01419   0.01976   0.02358   0.06807   0.18514   0.25897   0.05292   0.06519   0.24334   0.36388   0.43704   0.25342   0.22680   2.35789   0.33240   0.38816   0.10070   0.37944  