

TREE # 1

  0  0.0000  14002.416576  x:  0.31655   0.11078   0.91465   0.16230   0.03867   0.18672   0.00000   0.05787   0.01987   0.02733   0.03831   0.11497   0.09243   0.11176   0.03100   0.04536   0.19187   0.19610   0.15112   0.13495   0.12727   0.41905   0.50599   0.52075  
  1 99.0000  13840.922907  x:  0.34116   0.14594   0.92489   0.18244   0.07741   0.20767   0.49906   0.03601   0.01095   0.01545   0.02791   0.11291   0.11940   0.14658   0.05516   0.06286   0.20205   0.21948   0.18077   0.16012   0.15263   0.52156   0.47326   0.51436  
  2 9171.5020  13537.720609  x:  0.38549   0.20205   0.94660   0.21603   0.10639   0.22924   0.48202   0.00000   0.03231   0.03772   0.01371   0.07346   0.15028   0.18993   0.05533   0.06955   0.22095   0.25583   0.22978   0.19857   0.19032   0.69524   0.39698   0.50110  
  3 1885.9917  13260.528534  x:  0.46821   0.30636   0.98753   0.27852   0.15967   0.26943   0.45144   0.03448   0.06765   0.07523   0.00168   0.00000   0.20737   0.27028   0.05555   0.08165   0.25605   0.32348   0.32101   0.26979   0.26008   1.01970   0.25282   0.47621  
  4 33997.8122  13209.651999  x:  0.49832   0.34335   1.00466   0.30075   0.17660   0.28536   0.43893   0.03575   0.06887   0.07781   0.06404   0.01264   0.22646   0.29770   0.05480   0.08398   0.26789   0.34759   0.35357   0.29353   0.28310   1.14136   0.19811   0.46687  
  5 7307.9382  13137.099250  x:  0.51321   0.35691   1.02708   0.30996   0.17236   0.29499   0.42775   0.03742   0.00897   0.01970   0.04388   0.05329   0.22744   0.30269   0.05110   0.07403   0.26859   0.35732   0.36667   0.29282   0.28120   1.22252   0.19105   0.46178  
  6 1123.6208  13129.609435  x:  0.51496   0.35621   1.03702   0.31018   0.16567   0.29577   0.42709   0.03805   0.01834   0.00867   0.04254   0.05836   0.22361   0.29951   0.05174   0.07046   0.26617   0.35746   0.36692   0.28696   0.27480   1.24365   0.20250   0.46120  
  7 589.6137  13099.025515  x:  0.52244   0.34558   1.10314   0.30798   0.11675   0.29844   0.42641   0.04231   0.02621   0.02856   0.03470   0.08991   0.19426   0.27343   0.05672   0.04819   0.24767   0.35454   0.36386   0.24359   0.22780   1.37264   0.27777   0.45882  
  8 1475.0127  13078.126778  x:  0.51823   0.32268   1.15421   0.29595   0.07287   0.29072   0.42737   0.03947   0.01074   0.02044   0.04907   0.05766   0.16644   0.24568   0.06655   0.07062   0.23104   0.34390   0.35195   0.21051   0.19221   1.45170   0.29294   0.46103  
  9 709.7749  13070.878616  x:  0.50713   0.29455   1.18974   0.28088   0.05908   0.28699   0.43037   0.03927   0.01589   0.02132   0.04651   0.05860   0.15472   0.22623   0.04707   0.06050   0.22498   0.33529   0.33724   0.20208   0.18323   1.48211   0.26713   0.46778  
 10 312.9919  13063.902022  x:  0.48530   0.24044   1.26267   0.25712   0.07953   0.28859   0.42856   0.03984   0.01910   0.02255   0.04302   0.06517   0.15913   0.20972   0.07026   0.06076   0.22935   0.33043   0.31089   0.21006   0.19188   1.51338   0.25664   0.48871  
 11 232.6437  13060.415413  x:  0.47811   0.21708   1.31310   0.24774   0.09199   0.28924   0.42843   0.03911   0.01401   0.02043   0.04827   0.05483   0.16680   0.21293   0.05583   0.05625   0.23606   0.32972   0.29853   0.21751   0.19958   1.52368   0.26716   0.50463  
 12 265.9442  13058.102217  x:  0.48345   0.21409   1.37080   0.24575   0.08958   0.28807   0.42821   0.03977   0.01668   0.02206   0.04537   0.06198   0.16945   0.22543   0.04610   0.07466   0.24075   0.32758   0.29225   0.21940   0.20083   1.51927   0.26558   0.52248  
 13 152.3708  13052.968569  x:  0.50870   0.22783   1.52202   0.25222   0.07535   0.28179   0.42898   0.03923   0.01672   0.02105   0.04607   0.05845   0.16917   0.25108   0.05896   0.05880   0.24418   0.32439   0.28558   0.21832   0.19751   1.49199   0.24726   0.56556  
 14 253.0381  13051.208503  x:  0.51719   0.23668   1.58206   0.26928   0.08979   0.28723   0.42902   0.03903   0.01678   0.02084   0.04658   0.05643   0.16698   0.23225   0.05582   0.06039   0.23160   0.33633   0.29195   0.21454   0.19292   1.47732   0.24123   0.57017  
 15 116.7557  13050.706636  x:  0.51268   0.23638   1.60338   0.28075   0.07903   0.29332   0.42944   0.03895   0.01676   0.02088   0.04665   0.05594   0.16978   0.22467   0.05608   0.06088   0.23619   0.34074   0.29276   0.22004   0.20011   1.47110   0.24078   0.55258  
 16 36.8398  13050.383411  x:  0.50712   0.23587   1.61826   0.28588   0.08132   0.29567   0.42937   0.03887   0.01692   0.02088   0.04667   0.05538   0.17005   0.23091   0.05620   0.06046   0.24017   0.34397   0.28892   0.21599   0.19557   1.46717   0.23818   0.52917  
 17 34.0304  13050.259740  x:  0.50694   0.23880   1.62379   0.28289   0.08329   0.29214   0.42929   0.03888   0.01685   0.02090   0.04667   0.05556   0.16680   0.23270   0.05607   0.06058   0.23512   0.34112   0.28711   0.21923   0.19867   1.46669   0.23885   0.51837  
 18 16.4898  13050.079377  x:  0.50861   0.24255   1.62851   0.27277   0.08466   0.28926   0.42908   0.03889   0.01680   0.02090   0.04664   0.05568   0.17546   0.22897   0.05583   0.06076   0.23590   0.33402   0.29379   0.21845   0.19757   1.46658   0.23906   0.50963  
 19  8.0744  13049.389194  x:  0.50798   0.23892   1.63814   0.24557   0.08686   0.28927   0.42833   0.03890   0.01659   0.02084   0.04656   0.05576   0.16418   0.22925   0.05570   0.06096   0.24558   0.33476   0.33168   0.21933   0.19828   1.46631   0.23994   0.49678  
 20 13.9652  13048.020324  x:  0.50860   0.23097   1.64439   0.21757   0.07652   0.30377   0.42631   0.03894   0.01642   0.02067   0.04634   0.05534   0.17456   0.24040   0.05641   0.06075   0.22341   0.35738   0.35215   0.22096   0.19733   1.47059   0.23855   0.48986  
 21 18.0941  13025.143583  x:  0.59736   0.25998   1.68242   0.15415   0.07193   0.29129   0.39577   0.03979   0.01163   0.01721   0.04246   0.05732   0.17219   0.21194   0.05211   0.06599   0.28414   0.46971   0.29521   0.24255   0.20219   1.63007   0.22428   0.49021  
 22 13.4146  12974.901425  x:  0.64406   0.20505   1.76216   0.26905   0.08729   0.24542   0.32913   0.04247   0.00314   0.01015   0.03245   0.06781   0.20965   0.26111   0.04714   0.07254   0.26527   0.43355   0.34794   0.24416   0.23768   1.97857   0.18771   0.52858  
 23 168.4598  12970.721329  x:  0.61596   0.23723   1.77088   0.26533   0.09377   0.30462   0.32245   0.04257   0.00205   0.00930   0.03274   0.06407   0.19755   0.26408   0.04640   0.07289   0.26590   0.40109   0.34100   0.25790   0.22882   2.01038   0.18471   0.54164  
 24 90.2286  12968.636948  x:  0.53629   0.28605   1.77872   0.26158   0.09217   0.28542   0.31933   0.04292   0.00204   0.00913   0.03206   0.06624   0.20280   0.26431   0.04642   0.07314   0.26610   0.41562   0.34508   0.26205   0.22499   2.03099   0.18372   0.56181  
 25 33.6516  12965.826555  x:  0.52235   0.30347   1.78324   0.25701   0.09560   0.30250   0.31494   0.04303   0.00277   0.00912   0.03228   0.06480   0.19987   0.26661   0.04627   0.07357   0.26622   0.41028   0.34138   0.21792   0.26709   2.05218   0.18254   0.56841  
 26  6.9197  12948.936599  x:  0.50826   0.32009   1.80545   0.28656   0.10758   0.36248   0.28570   0.04391   0.00905   0.00982   0.03258   0.05940   0.19602   0.28205   0.04738   0.07683   0.26403   0.35875   0.35154   0.31846   0.19166   2.19314   0.17755   0.59089  
 27 24.0861  12901.820329  x:  0.54215   0.32584   1.83214   0.33051   0.12233   0.35847   0.16466   0.04711   0.00945   0.01871   0.03842   0.04530   0.21813   0.31857   0.05779   0.08496   0.25521   0.35978   0.40803   0.29291   0.24514   2.75809   0.28271   0.59969  
 28  0.7199  12873.805280  x:  0.56788   0.30871   1.95284   0.32949   0.10628   0.30672   0.06702   0.04816   0.01019   0.02209   0.01568   0.06627   0.21678   0.29924   0.05615   0.07055   0.24678   0.40641   0.40715   0.25184   0.24750   3.09214   0.26372   0.57459  
 29  0.2547  12867.912903  x:  0.56750   0.29625   1.96190   0.31517   0.09447   0.29871   0.06275   0.04442   0.01057   0.02096   0.02455   0.04425   0.20661   0.28142   0.05377   0.06486   0.24753   0.40884   0.38821   0.24376   0.23220   3.04978   0.24817   0.57187  
 30  0.0925  12862.942386  x:  0.56136   0.28195   1.93661   0.29227   0.07949   0.29465   0.07974   0.04182   0.01101   0.01954   0.02102   0.05386   0.19212   0.26028   0.05236   0.05956   0.25034   0.39659   0.35957   0.24226   0.20914   2.88751   0.23460   0.57470  
 31  0.2287  12854.320629  x:  0.55309   0.28242   1.87587   0.26210   0.07515   0.31143   0.04016   0.03628   0.01328   0.01664   0.01699   0.06651   0.18510   0.25908   0.05475   0.06601   0.25880   0.36899   0.34276   0.25404   0.20169   2.75033   0.24384   0.60304  
 32  0.0736  12848.207641  x:  0.54502   0.28347   1.79366   0.25381   0.08103   0.31677   0.05268   0.02997   0.01424   0.01532   0.02398   0.06782   0.18973   0.26659   0.05441   0.07150   0.26059   0.36418   0.33959   0.26041   0.21208   2.43344   0.25292   0.59897  
 33  0.3185  12845.512927  x:  0.54901   0.27893   1.79860   0.27473   0.08306   0.29562   0.03970   0.02657   0.01453   0.01776   0.02485   0.06912   0.19786   0.26819   0.05263   0.06690   0.25273   0.38687   0.34991   0.24741   0.22437   2.33897   0.24780   0.56882  
 34  0.1055  12845.202672  x:  0.55013   0.27703   1.81154   0.28590   0.08376   0.29582   0.04423   0.02652   0.01441   0.01874   0.02445   0.06779   0.19560   0.26663   0.05328   0.06516   0.24786   0.38320   0.35444   0.24436   0.22138   2.34672   0.24325   0.55874  
 35  0.0229  12845.114687  x:  0.54852   0.27896   1.80936   0.29067   0.08415   0.29906   0.04211   0.02534   0.01470   0.01890   0.02410   0.06773   0.19342   0.26643   0.05376   0.06518   0.24771   0.37823   0.35506   0.24584   0.21766   2.33772   0.24203   0.56168  
 36  0.0078  12844.973368  x:  0.54671   0.28468   1.80909   0.29560   0.08428   0.29815   0.04363   0.02340   0.01485   0.01890   0.02334   0.06776   0.19451   0.26842   0.05333   0.06610   0.25080   0.38225   0.35519   0.24693   0.21832   2.36091   0.24362   0.56906  
 37  0.0061  12844.902672  x:  0.54887   0.28082   1.81094   0.29016   0.08364   0.29678   0.04386   0.02182   0.01493   0.01876   0.02352   0.06738   0.19476   0.26746   0.05344   0.06548   0.24902   0.38156   0.35448   0.24490   0.22014   2.36228   0.24372   0.56415  
 38  0.0061  12844.893410  x:  0.54944   0.27961   1.81280   0.28772   0.08433   0.29756   0.04365   0.02191   0.01493   0.01878   0.02390   0.06757   0.19503   0.26747   0.05354   0.06539   0.24833   0.38111   0.35554   0.24579   0.21997   2.37081   0.24415   0.56274  
 39  0.0067  12844.889286  x:  0.54910   0.27990   1.81241   0.28781   0.08436   0.29779   0.04365   0.02169   0.01496   0.01884   0.02418   0.06826   0.19490   0.26729   0.05351   0.06547   0.24868   0.38152   0.35556   0.24617   0.21947   2.36822   0.24391   0.56345  
 40  0.0015  12844.888583  x:  0.54916   0.28010   1.81301   0.28847   0.08420   0.29765   0.04352   0.02174   0.01495   0.01884   0.02422   0.06844   0.19488   0.26737   0.05350   0.06545   0.24871   0.38149   0.35539   0.24576   0.21971   2.36995   0.24375   0.56364  
 41  0.0017  12844.888543  x:  0.54922   0.28006   1.81309   0.28852   0.08415   0.29768   0.04353   0.02173   0.01495   0.01880   0.02424   0.06845   0.19489   0.26742   0.05350   0.06545   0.24868   0.38145   0.35529   0.24574   0.21973   2.36979   0.24376   0.56355  
 42  0.0002  12844.888537  x:  0.54917   0.28010   1.81314   0.28854   0.08417   0.29768   0.04353   0.02173   0.01495   0.01879   0.02423   0.06844   0.19489   0.26742   0.05350   0.06545   0.24868   0.38147   0.35533   0.24576   0.21970   2.36985   0.24375   0.56359  
 43  0.0001  12844.888527  x:  0.54919   0.28007   1.81311   0.28849   0.08419   0.29768   0.04353   0.02173   0.01493   0.01879   0.02423   0.06845   0.19489   0.26740   0.05350   0.06545   0.24869   0.38146   0.35534   0.24575   0.21974   2.36974   0.24374   0.56357  
 44  0.0000  12844.888523  x:  0.54919   0.28008   1.81311   0.28853   0.08417   0.29769   0.04353   0.02172   0.01492   0.01880   0.02423   0.06845   0.19489   0.26741   0.05350   0.06545   0.24868   0.38146   0.35532   0.24576   0.21971   2.36981   0.24375   0.56357  
 45  0.0001  12844.888523  x:  0.54919   0.28008   1.81311   0.28853   0.08417   0.29769   0.04353   0.02173   0.01492   0.01880   0.02423   0.06845   0.19489   0.26742   0.05350   0.06545   0.24868   0.38146   0.35532   0.24576   0.21971   2.36980   0.24375   0.56357  
 46  0.0000  12844.888523  x:  0.54919   0.28008   1.81311   0.28853   0.08417   0.29769   0.04353   0.02173   0.01492   0.01880   0.02423   0.06845   0.19489   0.26742   0.05350   0.06545   0.24868   0.38146   0.35532   0.24576   0.21971   2.36980   0.24375   0.56357  
 47  0.0000  12844.888523  x:  0.54919   0.28008   1.81311   0.28853   0.08417   0.29769   0.04353   0.02173   0.01492   0.01880   0.02423   0.06845   0.19489   0.26742   0.05350   0.06545   0.24868   0.38146   0.35532   0.24576   0.21971   2.36980   0.24375   0.56357  
 48  0.0000  12844.888523  x:  0.54919   0.28008   1.81311   0.28853   0.08417   0.29769   0.04353   0.02173   0.01492   0.01880   0.02423   0.06845   0.19489   0.26742   0.05350   0.06545   0.24868   0.38146   0.35532   0.24576   0.21971   2.36980   0.24375   0.56357  