

TREE # 1

  0  0.0000  13578.300411  x:  0.43716   0.10379   1.19470   0.18310   0.05489   0.21989   0.00000   0.02823   0.05218   0.02719   0.04978   0.12347   0.08392   0.13167   0.03725   0.07311   0.24242   0.22738   0.18691   0.15191   0.18742   1.00000   0.10000  
  1 99.0000  13198.757246  x:  0.44455   0.12010   1.19952   0.19215   0.06680   0.22877   0.14776   0.02291   0.03884   0.02059   0.04196   0.12210   0.10077   0.14633   0.04396   0.07325   0.24509   0.23765   0.19962   0.16212   0.19347   1.00599   0.28680  
  2 7799.1237  13119.821520  x:  0.46121   0.15136   1.20667   0.21028   0.08678   0.24011   0.12422   0.01143   0.00404   0.01540   0.02243   0.09722   0.13040   0.17503   0.05212   0.07118   0.24869   0.25878   0.22645   0.18407   0.20540   1.03661   0.30295  
  3 1151.1165  13061.365184  x:  0.48520   0.19562   1.21734   0.23576   0.11253   0.25604   0.09168   0.01470   0.02634   0.01686   0.00486   0.06151   0.16968   0.21424   0.06133   0.06784   0.25340   0.28851   0.26472   0.21461   0.22201   1.08326   0.32634  
  4 3368.8509  13031.649449  x:  0.50375   0.22944   1.22589   0.25499   0.13056   0.26807   0.06790   0.02309   0.03485   0.01940   0.02899   0.03552   0.19812   0.24326   0.06677   0.06508   0.25660   0.31098   0.29410   0.23745   0.23434   1.12146   0.34370  
  5 5861.7334  13001.523169  x:  0.53420   0.27740   1.24746   0.27566   0.11860   0.27927   0.07217   0.04584   0.03353   0.02267   0.03089   0.10691   0.20319   0.26272   0.03760   0.05809   0.25075   0.33605   0.33866   0.25724   0.24149   1.23806   0.33672  
  6 579.0077  12973.206359  x:  0.55502   0.30520   1.27223   0.28056   0.08048   0.28046   0.08266   0.01372   0.04254   0.01004   0.03839   0.11593   0.17955   0.25801   0.05930   0.07800   0.23870   0.34602   0.36878   0.25711   0.23513   1.37277   0.32990  
  7 658.1642  12961.719143  x:  0.56585   0.31799   1.28971   0.27996   0.05381   0.27955   0.08821   0.00913   0.03954   0.03621   0.03655   0.10647   0.16055   0.25041   0.06883   0.08577   0.23080   0.34994   0.38512   0.25284   0.22830   1.46546   0.32912  
  8 1682.3009  12947.873594  x:  0.57481   0.32605   1.31112   0.27503   0.02567   0.27720   0.09245   0.03530   0.03134   0.03421   0.02904   0.08191   0.13681   0.23713   0.07473   0.08905   0.22254   0.35207   0.39983   0.24355   0.21796   1.57620   0.33079  
  9 1763.6389  12929.578000  x:  0.57444   0.31590   1.33738   0.26020   0.03320   0.27615   0.09196   0.02724   0.03092   0.02851   0.02741   0.05140   0.11989   0.21504   0.03902   0.06339   0.22065   0.35239   0.40519   0.22524   0.20414   1.70291   0.33795  
 10 753.8972  12913.458018  x:  0.55333   0.26507   1.37644   0.22316   0.09203   0.27909   0.07942   0.03516   0.02917   0.03211   0.02608   0.05830   0.13836   0.19127   0.06135   0.06200   0.23795   0.34440   0.38984   0.19864   0.19354   1.86889   0.35326  
 11 477.8205  12906.463641  x:  0.53391   0.22311   1.40002   0.19839   0.08013   0.27641   0.06404   0.03403   0.02908   0.03138   0.02586   0.05944   0.15866   0.21027   0.04862   0.07653   0.25368   0.32418   0.36898   0.21160   0.21331   1.94058   0.36937  
 12 267.3366  12905.714939  x:  0.53130   0.21664   1.40672   0.19767   0.07735   0.27503   0.06585   0.03360   0.02927   0.03121   0.02602   0.05966   0.15977   0.21577   0.05438   0.06437   0.25323   0.32117   0.36398   0.21755   0.21806   1.94830   0.36801  
 13 92.3197  12905.328276  x:  0.53117   0.21189   1.42460   0.20610   0.08318   0.27289   0.07081   0.03430   0.02912   0.03152   0.02587   0.05763   0.15628   0.22037   0.05356   0.06730   0.24556   0.32171   0.35439   0.22432   0.21997   1.95089   0.36370  
 14 33.2708  12904.848570  x:  0.53507   0.20999   1.46085   0.22131   0.08149   0.27229   0.06418   0.03390   0.02914   0.03128   0.02594   0.06028   0.15550   0.22027   0.05414   0.06612   0.24014   0.32111   0.33795   0.22362   0.21581   1.95024   0.36909  
 15 46.2149  12904.589992  x:  0.53898   0.21096   1.48593   0.22690   0.07882   0.27471   0.06857   0.03388   0.02918   0.03129   0.02593   0.05856   0.16166   0.21894   0.05353   0.06620   0.24698   0.32111   0.33096   0.21998   0.21511   1.94876   0.36482  
 16 44.0847  12904.434652  x:  0.54120   0.21063   1.50579   0.22286   0.07982   0.27522   0.06818   0.03390   0.02906   0.03129   0.02586   0.05872   0.15654   0.21567   0.05387   0.06640   0.25327   0.32282   0.33516   0.22076   0.22140   1.94535   0.36482  
 17 20.4083  12904.234166  x:  0.54239   0.20763   1.53350   0.20837   0.07939   0.27472   0.06877   0.03379   0.02914   0.03123   0.02595   0.05891   0.15796   0.21938   0.05375   0.06629   0.24799   0.32407   0.34937   0.21857   0.21840   1.93935   0.36375  
 18 20.2087  12904.186026  x:  0.54240   0.20747   1.53641   0.20727   0.07918   0.27448   0.06884   0.03377   0.02914   0.03120   0.02595   0.05884   0.16004   0.21551   0.05364   0.06636   0.24728   0.32226   0.35186   0.22328   0.21627   1.93903   0.36363  
 19  5.6364  12903.813318  x:  0.54237   0.20998   1.53927   0.20840   0.08199   0.27204   0.06855   0.03375   0.02905   0.03103   0.02597   0.05910   0.15490   0.22211   0.05373   0.06649   0.25658   0.31490   0.35641   0.22995   0.20381   1.94261   0.36359  
 20  3.3131  12886.982670  x:  0.53510   0.30907   1.57224   0.25160   0.09393   0.30736   0.05655   0.02953   0.02416   0.02141   0.02550   0.05791   0.17458   0.25693   0.04816   0.06204   0.22964   0.27379   0.43245   0.23065   0.24841   2.14063   0.35947  
 21  8.5080  12879.926416  x:  0.53568   0.32522   1.58060   0.24921   0.07750   0.28955   0.05025   0.02624   0.02234   0.01698   0.02567   0.05953   0.18799   0.26674   0.04558   0.05937   0.23981   0.36946   0.43926   0.25866   0.23346   2.22383   0.35962  
 22 110.4392  12879.684182  x:  0.56202   0.32115   1.57806   0.24032   0.07909   0.29355   0.04983   0.02629   0.02218   0.01689   0.02558   0.05941   0.18727   0.26814   0.04566   0.05930   0.23809   0.36878   0.43252   0.26208   0.23270   2.22644   0.35989  
 23 15.8163  12879.608268  x:  0.57378   0.31013   1.57657   0.24570   0.07870   0.29016   0.04985   0.02624   0.02212   0.01685   0.02556   0.05933   0.18846   0.26797   0.04562   0.05926   0.23892   0.36843   0.43785   0.26035   0.23356   2.22717   0.35998  
 24  9.8657  12879.598069  x:  0.57393   0.30808   1.57648   0.24655   0.07827   0.29367   0.04984   0.02623   0.02209   0.01685   0.02554   0.05931   0.18784   0.26808   0.04565   0.05928   0.23901   0.36905   0.43862   0.26064   0.23295   2.22731   0.35993  
 25  2.1258  12875.253730  x:  0.57758   0.29236   1.62443   0.23029   0.08170   0.28905   0.05490   0.02254   0.01480   0.01970   0.02354   0.06574   0.18948   0.26327   0.05651   0.07082   0.24596   0.36846   0.44207   0.25782   0.22614   2.36061   0.34767  
 26  0.2242  12874.520987  x:  0.57329   0.28732   1.63429   0.22711   0.08268   0.28884   0.04763   0.01979   0.01329   0.01874   0.02317   0.06670   0.18651   0.25916   0.05361   0.06553   0.24321   0.36165   0.43908   0.25287   0.22562   2.39804   0.34782  
 27  0.0316  12874.053656  x:  0.57435   0.28607   1.63012   0.23153   0.08343   0.28901   0.04708   0.02189   0.01486   0.01963   0.02370   0.06804   0.18453   0.25692   0.05076   0.06244   0.24114   0.36072   0.43323   0.25104   0.22741   2.37466   0.33783  
 28  0.0119  12873.840173  x:  0.57695   0.28763   1.63665   0.23283   0.08079   0.28938   0.04310   0.02249   0.01455   0.01945   0.02366   0.06786   0.18445   0.25784   0.05234   0.06581   0.24299   0.36382   0.43568   0.25266   0.22707   2.37022   0.33284  
 29  0.0092  12873.819719  x:  0.57784   0.28750   1.64051   0.23200   0.08044   0.28951   0.04384   0.02171   0.01469   0.01920   0.02387   0.06807   0.18486   0.25868   0.05266   0.06574   0.24349   0.36432   0.43734   0.25346   0.22684   2.36682   0.33113  
 30  0.0065  12873.815033  x:  0.57772   0.28720   1.64127   0.23123   0.08091   0.28935   0.04343   0.02153   0.01461   0.01930   0.02388   0.06793   0.18517   0.25908   0.05282   0.06539   0.24341   0.36407   0.43796   0.25364   0.22681   2.36122   0.33126  
 31  0.0039  12873.814089  x:  0.57744   0.28707   1.64045   0.23123   0.08125   0.28933   0.04358   0.02161   0.01452   0.01925   0.02386   0.06791   0.18530   0.25903   0.05275   0.06550   0.24334   0.36387   0.43767   0.25354   0.22687   2.35869   0.33108  
 32  0.0021  12873.814023  x:  0.57741   0.28703   1.64002   0.23134   0.08122   0.28931   0.04353   0.02159   0.01454   0.01924   0.02388   0.06798   0.18532   0.25897   0.05273   0.06553   0.24337   0.36390   0.43745   0.25351   0.22687   2.35833   0.33111  
 33  0.0006  12873.814018  x:  0.57742   0.28702   1.63995   0.23138   0.08120   0.28931   0.04354   0.02159   0.01453   0.01924   0.02388   0.06797   0.18532   0.25895   0.05275   0.06552   0.24338   0.36393   0.43737   0.25351   0.22687   2.35835   0.33111  
 34  0.0001  12873.814018  x:  0.57742   0.28703   1.63996   0.23139   0.08120   0.28931   0.04354   0.02159   0.01453   0.01924   0.02388   0.06797   0.18531   0.25896   0.05275   0.06552   0.24338   0.36393   0.43736   0.25350   0.22687   2.35835   0.33111  
 35  0.0000  12873.814018  x:  0.57742   0.28702   1.63996   0.23139   0.08120   0.28931   0.04354   0.02159   0.01453   0.01924   0.02388   0.06797   0.18531   0.25896   0.05275   0.06552   0.24338   0.36393   0.43737   0.25350   0.22687   2.35834   0.33111  
 36  0.0000  12873.814018  x:  0.57742   0.28702   1.63996   0.23139   0.08120   0.28931   0.04354   0.02159   0.01453   0.01924   0.02388   0.06797   0.18531   0.25896   0.05275   0.06552   0.24338   0.36393   0.43737   0.25351   0.22687   2.35835   0.33111  
 37  0.0000  12873.814018  x:  0.57742   0.28702   1.63996   0.23139   0.08120   0.28931   0.04354   0.02159   0.01453   0.01924   0.02388   0.06797   0.18531   0.25896   0.05275   0.06552   0.24338   0.36393   0.43737   0.25351   0.22687   2.35835   0.33111  