

TREE # 1

  0  0.0000  13981.902745  x:  0.48651   0.11953   1.40943   0.21233   0.04722   0.28265   0.00000   0.01219   0.03038   0.02064   0.03725   0.11825   0.10350   0.14039   0.04183   0.07427   0.25656   0.28347   0.18967   0.15648   0.20997   1.00000   0.05000  
  1 99.0000  13133.514624  x:  0.48909   0.12577   1.41142   0.21571   0.05242   0.28478   0.07475   0.01650   0.02651   0.01994   0.03555   0.11831   0.10860   0.14593   0.04382   0.07423   0.25759   0.28643   0.19492   0.16062   0.21202   1.00137   0.28342  
  2 18740.9097  13083.463699  x:  0.50036   0.14792   1.41402   0.22880   0.07245   0.28661   0.05702   0.02304   0.00354   0.01738   0.02322   0.09773   0.13044   0.17206   0.05134   0.07169   0.25860   0.29775   0.21745   0.18034   0.21919   1.03040   0.28872  
  3 938.2982  13038.322421  x:  0.51830   0.18297   1.41822   0.24925   0.10214   0.28934   0.03031   0.03072   0.01891   0.01645   0.00701   0.06548   0.16365   0.21226   0.06174   0.06749   0.25993   0.31546   0.25306   0.21104   0.23031   1.07791   0.29682  
  4 4591.0414  13020.292498  x:  0.53014   0.20579   1.42109   0.26197   0.11808   0.29070   0.02137   0.03117   0.02440   0.01911   0.03287   0.04872   0.18291   0.23645   0.06562   0.06451   0.26013   0.32648   0.27621   0.22996   0.23694   1.11231   0.29936  
  5 2806.5161  12992.345588  x:  0.54993   0.24286   1.42648   0.27967   0.12928   0.29020   0.06674   0.01016   0.02810   0.01945   0.03745   0.06019   0.20360   0.26689   0.05928   0.05966   0.25699   0.34182   0.31383   0.25555   0.24431   1.18596   0.28392  
  6 1032.8959  12984.302447  x:  0.55797   0.25748   1.42953   0.28449   0.12392   0.28778   0.08111   0.03385   0.02972   0.02024   0.03930   0.06964   0.20462   0.27277   0.05199   0.06032   0.25343   0.34606   0.32899   0.26177   0.24450   1.22835   0.27892  
  7 893.8939  12939.651606  x:  0.58677   0.30761   1.44813   0.28553   0.04082   0.26659   0.05126   0.02428   0.02607   0.01676   0.03516   0.07935   0.16142   0.25198   0.02069   0.08559   0.22625   0.34916   0.38526   0.25600   0.22561   1.47448   0.29269  
  8 630.8209  12930.205335  x:  0.59195   0.31641   1.45412   0.28185   0.02350   0.26309   0.04742   0.02347   0.02535   0.02355   0.03422   0.08435   0.14821   0.24126   0.04892   0.08935   0.22079   0.35028   0.39800   0.24956   0.21859   1.55164   0.29508  
  9 1181.1284  12918.809807  x:  0.58743   0.30771   1.46167   0.26777   0.04509   0.26858   0.04409   0.02316   0.02581   0.00932   0.03510   0.08483   0.13921   0.21876   0.05664   0.07013   0.22347   0.35390   0.39982   0.23119   0.20915   1.63932   0.29759  
 10 501.5547  12911.029663  x:  0.58157   0.29663   1.46885   0.25323   0.06762   0.27500   0.04079   0.02203   0.02474   0.02185   0.03322   0.08345   0.13355   0.19857   0.05587   0.05159   0.22784   0.35699   0.39940   0.21395   0.20140   1.71969   0.30008  
 11 2180.5519  12903.229407  x:  0.56183   0.25984   1.47984   0.22382   0.08212   0.29052   0.04683   0.02271   0.02470   0.02381   0.03278   0.07150   0.15235   0.19679   0.05368   0.08383   0.24888   0.35285   0.38197   0.20269   0.20854   1.81017   0.29977  
 12 326.9456  12899.291764  x:  0.54628   0.22929   1.48978   0.20544   0.06761   0.29702   0.04428   0.02251   0.02455   0.02227   0.03258   0.07279   0.16501   0.21335   0.05423   0.06685   0.26209   0.34370   0.36470   0.21269   0.22588   1.85652   0.30161  
 13 213.1207  12898.936391  x:  0.54444   0.22214   1.49850   0.20919   0.07276   0.29464   0.04170   0.02203   0.02464   0.02271   0.03280   0.07815   0.15952   0.21671   0.05431   0.06936   0.25596   0.34380   0.35877   0.22008   0.22924   1.86159   0.30250  
 14 38.3226  12898.717240  x:  0.54494   0.21768   1.51074   0.21516   0.07310   0.29227   0.04477   0.02251   0.02456   0.02272   0.03256   0.07192   0.15689   0.21825   0.05440   0.06879   0.25025   0.34319   0.35170   0.22255   0.22850   1.86465   0.30163  
 15 36.7606  12898.323859  x:  0.55118   0.21440   1.54673   0.23134   0.07195   0.29158   0.04345   0.02229   0.02464   0.02263   0.03271   0.07482   0.16514   0.21974   0.05451   0.06828   0.24810   0.34212   0.33518   0.21870   0.22252   1.86916   0.30190  
 16 39.2183  12898.117072  x:  0.55660   0.21639   1.57271   0.23542   0.07177   0.29412   0.04374   0.02236   0.02454   0.02263   0.03259   0.07404   0.16112   0.21573   0.05450   0.06848   0.25736   0.34281   0.33065   0.22011   0.22872   1.86979   0.30158  
 17 27.8627  12897.895668  x:  0.55714   0.21485   1.60934   0.22083   0.07177   0.29650   0.04385   0.02238   0.02455   0.02264   0.03261   0.07422   0.15880   0.22059   0.05440   0.06849   0.25451   0.34543   0.34324   0.21583   0.22865   1.86656   0.30125  
 18 14.0923  12897.829517  x:  0.55634   0.21361   1.61887   0.21683   0.07150   0.29496   0.04394   0.02238   0.02455   0.02260   0.03262   0.07418   0.16215   0.21606   0.05449   0.06843   0.25318   0.34473   0.34818   0.21968   0.22774   1.86574   0.30117  
 19 16.9712  12897.757969  x:  0.55513   0.21305   1.62187   0.21602   0.07260   0.28955   0.04406   0.02234   0.02458   0.02263   0.03265   0.07412   0.16118   0.21752   0.05449   0.06852   0.25784   0.34191   0.35072   0.22177   0.22280   1.86634   0.30116  
 20  4.0752  12892.962388  x:  0.53320   0.26437   1.63283   0.22568   0.08781   0.27451   0.04269   0.02095   0.02367   0.02272   0.03143   0.07167   0.17134   0.23008   0.05571   0.06740   0.24252   0.28722   0.37110   0.21336   0.25003   1.93788   0.30260  
 21  1.9557  12880.145829  x:  0.48599   0.33633   1.64672   0.25867   0.07338   0.29918   0.03743   0.01770   0.02018   0.02137   0.02704   0.06424   0.18169   0.26026   0.05518   0.06229   0.24116   0.36990   0.41712   0.25894   0.22430   2.13481   0.30695  
 22 76.5475  12878.058261  x:  0.56685   0.31523   1.63824   0.23860   0.07689   0.27898   0.03653   0.01702   0.01965   0.02133   0.02636   0.06298   0.18944   0.26587   0.05571   0.06158   0.23753   0.38087   0.41916   0.26318   0.22877   2.16583   0.30809  
 23 39.3890  12877.658580  x:  0.58596   0.29619   1.63573   0.24864   0.07641   0.29155   0.03639   0.01701   0.01950   0.02128   0.02618   0.06265   0.18746   0.26685   0.05562   0.06150   0.23866   0.37159   0.43486   0.26365   0.22645   2.17135   0.30824  
 24 27.1296  12877.650358  x:  0.58551   0.29470   1.63572   0.25008   0.07617   0.28975   0.03641   0.01701   0.01950   0.02127   0.02617   0.06264   0.18787   0.26661   0.05563   0.06146   0.23901   0.37276   0.43630   0.26214   0.22803   2.17153   0.30825  
 25  2.8119  12874.950787  x:  0.58591   0.28945   1.66074   0.23174   0.08310   0.29068   0.04201   0.02408   0.01672   0.01966   0.02396   0.07120   0.18930   0.26402   0.05489   0.06574   0.24649   0.36874   0.44652   0.25789   0.22780   2.31800   0.31067  
 26  0.1426  12874.540797  x:  0.57929   0.28766   1.66572   0.22996   0.08163   0.29044   0.03964   0.02236   0.01476   0.01899   0.02262   0.06825   0.18634   0.25971   0.05305   0.06584   0.24425   0.36493   0.44343   0.25350   0.22734   2.36027   0.31413  
 27  0.0360  12874.233057  x:  0.57997   0.28860   1.65263   0.23815   0.08043   0.29028   0.04348   0.01989   0.01403   0.01917   0.02446   0.06862   0.18491   0.25894   0.05177   0.06459   0.24113   0.36490   0.43477   0.25407   0.22778   2.35353   0.31826  
 28  0.0054  12873.939609  x:  0.58157   0.28686   1.64583   0.23057   0.08176   0.28897   0.04404   0.02187   0.01360   0.01935   0.02538   0.06903   0.18587   0.25903   0.05204   0.06715   0.24710   0.36545   0.43888   0.25404   0.22651   2.35553   0.32623  
 29  0.0045  12873.841172  x:  0.57655   0.28698   1.64139   0.23054   0.08100   0.28951   0.04279   0.02171   0.01397   0.01922   0.02483   0.06768   0.18554   0.25931   0.05271   0.06501   0.24232   0.36381   0.43856   0.25347   0.22723   2.35366   0.33017  
 30  0.0053  12873.815128  x:  0.57711   0.28728   1.63929   0.23177   0.08157   0.28924   0.04334   0.02156   0.01454   0.01928   0.02398   0.06800   0.18537   0.25910   0.05300   0.06565   0.24351   0.36378   0.43723   0.25364   0.22664   2.35749   0.33113  
 31  0.0023  12873.814084  x:  0.57744   0.28699   1.63997   0.23145   0.08126   0.28931   0.04356   0.02158   0.01452   0.01923   0.02388   0.06794   0.18532   0.25896   0.05284   0.06546   0.24340   0.36391   0.43726   0.25350   0.22688   2.35877   0.33111  
 32  0.0013  12873.814021  x:  0.57743   0.28700   1.64000   0.23137   0.08119   0.28932   0.04354   0.02158   0.01453   0.01924   0.02388   0.06798   0.18531   0.25894   0.05276   0.06552   0.24337   0.36395   0.43737   0.25349   0.22688   2.35834   0.33111  
 33  0.0003  12873.814018  x:  0.57742   0.28702   1.63996   0.23138   0.08119   0.28931   0.04354   0.02159   0.01453   0.01924   0.02388   0.06796   0.18531   0.25896   0.05275   0.06552   0.24338   0.36394   0.43737   0.25351   0.22687   2.35834   0.33111  
 34  0.0000  12873.814018  x:  0.57742   0.28702   1.63996   0.23139   0.08120   0.28931   0.04354   0.02159   0.01453   0.01924   0.02388   0.06797   0.18531   0.25896   0.05275   0.06552   0.24338   0.36393   0.43737   0.25351   0.22687   2.35835   0.33111  
 35  0.0000  12873.814018  x:  0.57742   0.28702   1.63996   0.23139   0.08120   0.28931   0.04354   0.02159   0.01453   0.01924   0.02388   0.06797   0.18531   0.25896   0.05275   0.06552   0.24338   0.36393   0.43737   0.25351   0.22687   2.35835   0.33111  
 36  0.0000  12873.814018  x:  0.57742   0.28702   1.63996   0.23139   0.08120   0.28931   0.04354   0.02159   0.01453   0.01924   0.02388   0.06797   0.18531   0.25896   0.05275   0.06552   0.24338   0.36393   0.43737   0.25351   0.22687   2.35835   0.33111  
 37  0.0000  12873.814018  x:  0.57742   0.28702   1.63996   0.23139   0.08120   0.28931   0.04354   0.02159   0.01453   0.01924   0.02388   0.06797   0.18531   0.25896   0.05275   0.06552   0.24338   0.36393   0.43737   0.25351   0.22687   2.35835   0.33111  