

TREE # 1

  0  0.0000   5539.182802  x:  0.11599   0.00283   0.01796   0.04049   0.00626   0.00061   0.04480   0.01153   0.03265   0.03641   0.04315   0.05028   0.00677   0.00411   0.02113   0.04498   0.03908   1.22313   0.55696  
  1 99.0000   5535.993822  x:  0.11593   0.00495   0.01829   0.04065   0.00590   0.00564   0.04474   0.01211   0.03282   0.03650   0.04315   0.05020   0.00679   0.00411   0.02135   0.04495   0.03904   1.22334   0.55625  
  2 2785.4330   5531.697367  x:  0.11535   0.01347   0.02106   0.04200   0.00232   0.00372   0.04410   0.01643   0.03421   0.03724   0.04313   0.04946   0.00696   0.00408   0.02290   0.04471   0.03872   1.22518   0.54997  
  3 794.2662   5527.621415  x:  0.11332   0.01937   0.02633   0.04566   0.01244   0.00220   0.04214   0.02259   0.03775   0.03898   0.04321   0.04702   0.00691   0.00416   0.02542   0.04402   0.03785   1.23124   0.52917  
  4 777.4443   5445.156705  x:  0.09023   0.00000   0.04787   0.07358   0.00474   0.00606   0.02505   0.03918   0.06459   0.05086   0.04433   0.02236   0.00590   0.00282   0.03385   0.03836   0.03081   1.30368   0.27748  
  5 1294.2786   5445.156705  x:  0.09023   0.00000   0.04787   0.07358   0.00474   0.00606   0.02505   0.03918   0.06459   0.05086   0.04433   0.02236   0.00590   0.00282   0.03385   0.03836   0.03081   1.30368   0.27748  
  6 17849.3960   5434.961155  x:  0.09101   0.01777   0.04671   0.07248   0.00381   0.00489   0.02681   0.03795   0.06349   0.05009   0.04427   0.02508   0.00649   0.00437   0.03347   0.03893   0.03149   1.30404   0.27519  
  7 4053.4261   5416.267916  x:  0.09450   0.01718   0.03859   0.06612   0.00133   0.00057   0.03530   0.02896   0.05704   0.04570   0.04388   0.03774   0.00798   0.00409   0.02889   0.04191   0.03521   1.30618   0.26153  
  8 1062.1965   5392.195179  x:  0.10205   0.01645   0.02108   0.05237   0.00165   0.00549   0.05305   0.00964   0.04311   0.03633   0.04307   0.06405   0.01067   0.00370   0.01917   0.04817   0.04301   1.31085   0.23171  
  9 14293.3241   5386.744219  x:  0.10534   0.01635   0.01687   0.04696   0.01261   0.00202   0.05664   0.00843   0.03782   0.03421   0.04290   0.06997   0.00799   0.00476   0.01822   0.04946   0.04449   1.31339   0.21465  
 10 1593.2407   5365.364555  x:  0.11339   0.01589   0.01537   0.03573   0.01206   0.00278   0.05976   0.01982   0.02786   0.03305   0.04302   0.07677   0.00125   0.00335   0.02134   0.05036   0.04515   1.32071   0.16361  
 11 1530.7575   5338.561132  x:  0.12661   0.01475   0.01421   0.01820   0.01312   0.00354   0.06367   0.03828   0.01258   0.03188   0.04338   0.08620   0.00638   0.00307   0.02693   0.05140   0.04565   1.33307   0.07683  
 12 17158.8281   5325.195391  x:  0.13191   0.01422   0.01497   0.01963   0.01339   0.00373   0.06552   0.03984   0.01568   0.03219   0.04414   0.08996   0.00596   0.00587   0.02713   0.05188   0.04575   1.33867   0.03666  
 13 3674.4341   5324.590191  x:  0.13247   0.01445   0.01523   0.02049   0.01372   0.00362   0.06545   0.03934   0.01545   0.03243   0.04428   0.08993   0.00611   0.00336   0.02703   0.05186   0.04566   1.33940   0.03454  
 14 430.9228   5324.383667  x:  0.13412   0.01445   0.01576   0.02127   0.01352   0.00359   0.06473   0.03800   0.01362   0.03335   0.04464   0.08920   0.00590   0.00372   0.02690   0.05168   0.04525   1.34181   0.03408  
 15 108.8699   5323.778323  x:  0.14176   0.01458   0.01553   0.01856   0.01301   0.00345   0.06183   0.03409   0.01396   0.03609   0.04604   0.08665   0.00548   0.00347   0.02690   0.05107   0.04381   1.35327   0.03376  
 16 199.7144   5322.320185  x:  0.16371   0.01445   0.01292   0.02155   0.01255   0.00344   0.05899   0.03405   0.01485   0.03217   0.04627   0.08417   0.00573   0.00350   0.02866   0.05126   0.04334   1.39116   0.03583  
 17 277.3192   5321.688056  x:  0.17141   0.01431   0.01743   0.02128   0.01281   0.00345   0.05982   0.03392   0.01556   0.03089   0.04538   0.08431   0.00579   0.00346   0.02780   0.05169   0.04425   1.41072   0.03706  
 18 512.4074   5319.558269  x:  0.17556   0.01437   0.01634   0.02288   0.01312   0.00344   0.06601   0.03723   0.01641   0.04015   0.04008   0.08102   0.00614   0.00338   0.02099   0.05121   0.04754   1.48497   0.03962  
 19 313.1017   5305.149208  x:  0.14377   0.01532   0.01551   0.02166   0.01093   0.00267   0.08417   0.02041   0.01605   0.03561   0.04265   0.05021   0.00450   0.00260   0.03327   0.04649   0.05005   1.99204   0.04816  
 20 928.8537   5296.269691  x:  0.11885   0.01578   0.01621   0.02372   0.01075   0.00275   0.06379   0.02023   0.01626   0.03409   0.05619   0.06334   0.00447   0.00222   0.02165   0.04889   0.03406   2.30044   0.05524  
 21 1776.0646   5294.556450  x:  0.11309   0.01571   0.01648   0.02469   0.01071   0.00288   0.05212   0.01808   0.01654   0.03731   0.05200   0.07089   0.00440   0.00213   0.02671   0.05045   0.04022   2.36300   0.05666  
 22 769.5949   5294.475636  x:  0.11261   0.01578   0.01639   0.02445   0.01057   0.00285   0.05074   0.01756   0.01645   0.03627   0.04940   0.07066   0.00432   0.00212   0.02585   0.04921   0.03975   2.36598   0.05649  
 23 63.0165   5294.471014  x:  0.11265   0.01576   0.01642   0.02450   0.01059   0.00286   0.05094   0.01753   0.01648   0.03644   0.04919   0.07098   0.00433   0.00212   0.02621   0.04887   0.03931   2.36610   0.05653  
 24  5.1674   5294.193434  x:  0.11300   0.01574   0.01652   0.02478   0.01055   0.00288   0.05060   0.01777   0.01670   0.03634   0.05136   0.07141   0.00437   0.00224   0.02563   0.04346   0.04155   2.37027   0.05644  
 25  0.9834   5281.453953  x:  0.12396   0.01529   0.01994   0.03353   0.00565   0.00319   0.03713   0.01215   0.02840   0.04040   0.04718   0.04806   0.00475   0.00831   0.02283   0.05012   0.03550   2.58234   0.04676  
 26 52.4035   5278.166484  x:  0.11504   0.01432   0.02144   0.03866   0.00455   0.00379   0.04665   0.02104   0.03274   0.04012   0.04235   0.04441   0.00627   0.00740   0.02443   0.04634   0.03923   2.65751   0.04538  
 27  0.0912   5276.309070  x:  0.12056   0.01312   0.02412   0.04449   0.00352   0.00394   0.04414   0.01779   0.03613   0.04239   0.04693   0.04746   0.00706   0.00427   0.02600   0.04207   0.03995   2.70789   0.05022  
 28  0.0464   5275.804656  x:  0.11663   0.01200   0.02480   0.04666   0.00426   0.00349   0.04366   0.01549   0.03818   0.04075   0.04424   0.04875   0.00716   0.00365   0.02525   0.04634   0.03871   2.72251   0.04970  
 29  0.0122   5275.678382  x:  0.11790   0.01103   0.02436   0.04730   0.00379   0.00343   0.04311   0.01587   0.03919   0.03962   0.04382   0.04780   0.00714   0.00430   0.02446   0.04685   0.03856   2.71339   0.04848  
 30  0.0068   5275.594143  x:  0.11842   0.00974   0.02387   0.04799   0.00410   0.00318   0.04358   0.01628   0.03995   0.03973   0.04489   0.04809   0.00715   0.00414   0.02483   0.04563   0.03893   2.68408   0.04868  
 31  0.0166   5275.576070  x:  0.11751   0.00944   0.02365   0.04759   0.00390   0.00323   0.04373   0.01611   0.03969   0.04015   0.04451   0.04801   0.00704   0.00412   0.02529   0.04568   0.03883   2.67079   0.04914  
 32  0.0096   5275.571006  x:  0.11791   0.00935   0.02363   0.04722   0.00397   0.00324   0.04345   0.01633   0.03944   0.04025   0.04432   0.04830   0.00700   0.00411   0.02526   0.04589   0.03879   2.66503   0.04906  
 33  0.0060   5275.568822  x:  0.11801   0.00930   0.02372   0.04701   0.00399   0.00324   0.04356   0.01624   0.03931   0.04020   0.04445   0.04800   0.00695   0.00408   0.02514   0.04594   0.03883   2.66301   0.04889  
 34  0.0021   5275.568143  x:  0.11778   0.00925   0.02383   0.04698   0.00397   0.00326   0.04350   0.01627   0.03930   0.04013   0.04451   0.04807   0.00694   0.00408   0.02516   0.04588   0.03880   2.66732   0.04884  
 35  0.0032   5275.567992  x:  0.11791   0.00923   0.02387   0.04698   0.00398   0.00327   0.04351   0.01626   0.03931   0.04015   0.04447   0.04803   0.00695   0.00408   0.02520   0.04586   0.03880   2.66995   0.04889  
 36  0.0018   5275.567971  x:  0.11788   0.00923   0.02386   0.04698   0.00398   0.00327   0.04352   0.01626   0.03930   0.04016   0.04448   0.04802   0.00694   0.00409   0.02519   0.04588   0.03881   2.67087   0.04891  
 37  0.0008   5275.567963  x:  0.11789   0.00922   0.02385   0.04698   0.00398   0.00327   0.04351   0.01626   0.03930   0.04016   0.04448   0.04803   0.00694   0.00408   0.02518   0.04587   0.03881   2.67144   0.04891  
 38  0.0003   5275.567963  x:  0.11789   0.00923   0.02384   0.04698   0.00398   0.00327   0.04352   0.01626   0.03930   0.04016   0.04448   0.04803   0.00695   0.00408   0.02519   0.04587   0.03880   2.67147   0.04891  
 39  0.0000   5275.567963  x:  0.11789   0.00923   0.02384   0.04698   0.00398   0.00327   0.04351   0.01626   0.03929   0.04016   0.04448   0.04802   0.00695   0.00408   0.02519   0.04587   0.03880   2.67146   0.04891  
 40  0.0000   5275.567963  x:  0.11789   0.00923   0.02384   0.04698   0.00398   0.00327   0.04351   0.01626   0.03929   0.04016   0.04448   0.04803   0.00695   0.00408   0.02519   0.04587   0.03880   2.67145   0.04891  
 41  0.0000   5275.567963  x:  0.11789   0.00923   0.02384   0.04698   0.00398   0.00327   0.04351   0.01626   0.03929   0.04016   0.04448   0.04803   0.00695   0.00408   0.02519   0.04587   0.03880   2.67145   0.04891  
 42  0.0000   5275.567963  x:  0.11789   0.00923   0.02384   0.04698   0.00398   0.00327   0.04351   0.01626   0.03929   0.04016   0.04448   0.04803   0.00695   0.00408   0.02519   0.04587   0.03880   2.67145   0.04891  
 43  0.0000   5275.567963  x:  0.11789   0.00923   0.02384   0.04698   0.00398   0.00327   0.04351   0.01626   0.03929   0.04016   0.04448   0.04803   0.00695   0.00408   0.02519   0.04587   0.03880   2.67145   0.04891  
 44  0.0000   5275.567963  x:  0.11789   0.00923   0.02384   0.04698   0.00398   0.00327   0.04351   0.01626   0.03929   0.04016   0.04448   0.04803   0.00695   0.00408   0.02519   0.04587   0.03880   2.67145   0.04891  