

TREE # 1

  0  0.0000  14091.560312  x:  0.39288   0.08354   1.05642   0.16304   0.03314   0.22015   0.00000   0.02494   0.03876   0.03117   0.06715   0.09337   0.10594   0.12650   0.04577   0.06974   0.21378   0.23692   0.14172   0.14831   0.15389   1.00000   2.00000  
  1 99.0000  14037.849135  x:  0.39466   0.08699   1.05707   0.16495   0.03722   0.22137   0.07081   0.02417   0.03651   0.02952   0.06506   0.09393   0.10780   0.12914   0.04609   0.06968   0.21427   0.23836   0.14480   0.15024   0.15547   1.00318   1.99799  
  2 12364.3229  13895.406608  x:  0.42065   0.13703   1.06670   0.19283   0.08949   0.23279   0.07019   0.00925   0.00314   0.00761   0.03251   0.07751   0.13266   0.16547   0.05032   0.06883   0.22227   0.25900   0.18916   0.17821   0.17830   1.04966   1.96829  
  3 1608.5493  13820.344546  x:  0.44471   0.18208   1.07600   0.21775   0.13079   0.24302   0.06971   0.01128   0.02832   0.01328   0.00540   0.06278   0.15403   0.19750   0.05350   0.06783   0.22955   0.27748   0.22914   0.20329   0.19883   1.09545   1.93836  
  4 5439.1628  13753.098444  x:  0.48686   0.25833   1.09349   0.25911   0.18977   0.26028   0.06880   0.04233   0.04595   0.03333   0.05921   0.03884   0.18727   0.24951   0.05683   0.06558   0.24161   0.30811   0.29681   0.24482   0.23280   1.18405   1.87822  
  5 4466.7113  13562.358411  x:  0.56499   0.35552   1.15731   0.28519   0.05381   0.26719   0.06577   0.00515   0.05487   0.02492   0.07492   0.18262   0.15324   0.25726   0.00910   0.05599   0.24081   0.32113   0.38158   0.26263   0.24241   1.56610   1.55350  
  6 837.7933  13497.081898  x:  0.59228   0.38728   1.18251   0.29140   0.00000   0.26887   0.06472   0.01954   0.05109   0.01927   0.07051   0.23023   0.13862   0.25632   0.04078   0.06046   0.23945   0.32500   0.40987   0.26558   0.24257   1.71810   1.41747  
  7 7777.7857  13178.268016  x:  0.64063   0.36954   1.30902   0.22789   0.13285   0.26141   0.06024   0.03450   0.01755   0.10216   0.05634   0.36831   0.03900   0.12500   0.09788   0.09597   0.20540   0.33353   0.41661   0.17064   0.14823   2.51539   0.54867  
  8 2318.5990  13106.349277  x:  0.63557   0.34007   1.33418   0.20351   0.13492   0.26401   0.06000   0.03487   0.01976   0.09563   0.05675   0.36570   0.08635   0.12190   0.10076   0.09133   0.20678   0.32848   0.40047   0.15734   0.13844   2.66692   0.34588  
  9 3348.1949  13089.778808  x:  0.62474   0.30927   1.35123   0.19271   0.13076   0.26330   0.06085   0.03574   0.02509   0.07867   0.05708   0.32998   0.05196   0.14409   0.09572   0.08288   0.21491   0.32603   0.38651   0.17289   0.15720   2.72621   0.30631  
 10 490.8411  13018.434687  x:  0.57971   0.12761   1.50108   0.15215   0.10413   0.28496   0.06533   0.04058   0.02837   0.04148   0.04542   0.13670   0.05779   0.12737   0.06898   0.07391   0.24263   0.32954   0.31816   0.19401   0.18350   3.20282   0.38236  
 11 448.0867  13014.380014  x:  0.57635   0.12427   1.51707   0.15719   0.09706   0.27739   0.06596   0.02907   0.02601   0.05111   0.04574   0.11468   0.05658   0.14984   0.07138   0.08124   0.23622   0.32543   0.30604   0.18033   0.17027   3.23379   0.38763  
 12 240.8826  13013.139402  x:  0.57357   0.13173   1.53006   0.16833   0.09620   0.26717   0.06620   0.03780   0.02577   0.04566   0.04323   0.10600   0.05618   0.15156   0.06478   0.07639   0.22740   0.32053   0.29413   0.17477   0.16508   3.24196   0.38827  
 13 101.3977  13012.148820  x:  0.56724   0.13918   1.54913   0.18427   0.09732   0.25743   0.06634   0.03116   0.02900   0.04243   0.04624   0.10278   0.05765   0.14618   0.06929   0.07639   0.22081   0.31442   0.27698   0.17895   0.16992   3.24627   0.38784  
 14 90.8325  13011.493986  x:  0.55913   0.14052   1.56945   0.19691   0.09818   0.25630   0.06621   0.03408   0.02535   0.04909   0.04401   0.10869   0.05956   0.14895   0.06808   0.07827   0.22406   0.31108   0.26246   0.18367   0.17515   3.24716   0.38739  
 15 78.5454  13010.918808  x:  0.55165   0.14135   1.59639   0.20763   0.10052   0.26567   0.06600   0.03392   0.02815   0.04369   0.04568   0.11414   0.05851   0.15141   0.06963   0.07780   0.23276   0.31324   0.25545   0.17984   0.17088   3.24439   0.38650  
 16 56.8004  13010.276368  x:  0.54751   0.14364   1.63465   0.21119   0.09556   0.27611   0.06618   0.03242   0.02567   0.04893   0.04435   0.10726   0.05661   0.14515   0.06920   0.07424   0.23425   0.31897   0.25829   0.17856   0.16890   3.23480   0.38135  
 17 54.4482  13009.206968  x:  0.54771   0.14196   1.70565   0.19818   0.09451   0.27767   0.06613   0.03457   0.02645   0.04600   0.04431   0.10794   0.05718   0.14464   0.06550   0.08809   0.22395   0.32734   0.26823   0.17964   0.17000   3.21840   0.37643  
 18 80.9987  13008.143648  x:  0.55447   0.13774   1.77250   0.17936   0.09809   0.26848   0.06596   0.03318   0.02672   0.04726   0.04520   0.11570   0.05946   0.14961   0.06996   0.07581   0.21944   0.32911   0.27859   0.17999   0.17021   3.20476   0.37548  
 19 129.3513  13007.526307  x:  0.56959   0.13452   1.80152   0.17527   0.09865   0.25781   0.06611   0.03320   0.02669   0.04706   0.04508   0.11294   0.06012   0.14665   0.06915   0.07872   0.23446   0.31700   0.28576   0.17951   0.16817   3.19647   0.37338  
 20 43.4986  13006.079295  x:  0.61578   0.10925   1.82688   0.19078   0.10083   0.27142   0.06599   0.03378   0.02681   0.04628   0.04491   0.11314   0.06078   0.14915   0.06961   0.07741   0.22350   0.29565   0.28830   0.17933   0.17059   3.18357   0.37028  
 21 22.4087  13002.613364  x:  0.69816   0.09450   1.84633   0.19623   0.09664   0.27455   0.06611   0.03355   0.02641   0.04497   0.04408   0.10735   0.06244   0.15002   0.06868   0.07705   0.22995   0.33597   0.25028   0.18542   0.16972   3.16218   0.36604  
 22 36.2886  12991.060978  x:  0.70393   0.05509   1.83936   0.25313   0.08684   0.23194   0.06645   0.03310   0.02675   0.04181   0.04374   0.09785   0.07198   0.15521   0.06675   0.07411   0.23827   0.39770   0.29415   0.16668   0.19349   3.11896   0.35862  
 23 23.4931  12922.601912  x:  0.64343   0.16436   1.76970   0.24150   0.06914   0.28274   0.06694   0.03590   0.03197   0.02052   0.04202   0.02651   0.10647   0.19969   0.05373   0.06232   0.26002   0.39437   0.38636   0.23388   0.20696   2.94072   0.36157  
 24 76.7841  12922.349683  x:  0.64457   0.16884   1.76936   0.23835   0.06932   0.28539   0.06692   0.03590   0.03194   0.02052   0.04196   0.02622   0.10649   0.19967   0.05371   0.06245   0.26126   0.39290   0.38466   0.22120   0.21997   2.93955   0.36208  
 25 11.4423  12894.540997  x:  0.62175   0.27517   1.67326   0.24947   0.06564   0.30983   0.06437   0.03189   0.03026   0.02442   0.04253   0.09014   0.12746   0.23125   0.05703   0.06136   0.26288   0.39750   0.45988   0.24219   0.23598   2.62216   0.34952  
 26  1.9497  12880.359761  x:  0.57002   0.31580   1.63968   0.23660   0.05670   0.30358   0.06319   0.02070   0.01602   0.03057   0.02749   0.07242   0.16425   0.25520   0.05478   0.07189   0.24910   0.37226   0.48348   0.26443   0.22641   2.40876   0.31338  
 27  0.1537  12877.193059  x:  0.56632   0.31269   1.64896   0.22997   0.06200   0.29981   0.06249   0.02351   0.01663   0.01702   0.02386   0.06775   0.17239   0.26122   0.05342   0.06915   0.24610   0.36510   0.47763   0.26596   0.22726   2.37510   0.31711  
 28  0.0791  12875.888275  x:  0.57314   0.30229   1.65974   0.22687   0.06735   0.29447   0.06179   0.02288   0.01316   0.02017   0.02079   0.06222   0.17658   0.26405   0.05510   0.06371   0.24414   0.36285   0.46332   0.26226   0.22859   2.37258   0.32998  
 29  0.0419  12875.403520  x:  0.57682   0.29420   1.65502   0.22699   0.07283   0.29119   0.06103   0.01993   0.01503   0.01870   0.02312   0.06129   0.17850   0.26253   0.05772   0.06367   0.24340   0.36410   0.44996   0.25627   0.22855   2.38585   0.33464  
 30  0.0326  12874.971088  x:  0.57849   0.28623   1.64074   0.22896   0.07964   0.28877   0.05954   0.02355   0.01468   0.01866   0.02335   0.06183   0.18246   0.25990   0.05563   0.06562   0.24296   0.36616   0.43383   0.24931   0.22750   2.39047   0.33414  
 31  0.0252  12874.616141  x:  0.57899   0.28662   1.63395   0.23447   0.08281   0.28783   0.05699   0.02169   0.01399   0.01971   0.02382   0.06377   0.18950   0.25983   0.05413   0.06592   0.24309   0.36651   0.43034   0.25097   0.22522   2.33249   0.32804  
 32  0.0314  12874.356943  x:  0.57189   0.28479   1.63428   0.23390   0.08482   0.28899   0.05340   0.02166   0.01498   0.01916   0.02497   0.06674   0.19040   0.25808   0.05128   0.06464   0.24455   0.35983   0.43313   0.25564   0.22708   2.33301   0.33286  
 33  0.0047  12874.064353  x:  0.57899   0.27965   1.64391   0.23059   0.08423   0.28818   0.04829   0.02055   0.01439   0.01916   0.02388   0.06638   0.18924   0.25508   0.04892   0.06788   0.24305   0.35853   0.43521   0.25493   0.22865   2.36502   0.33179  
 34  0.0120  12873.914191  x:  0.58319   0.28435   1.64200   0.23126   0.08316   0.28878   0.04575   0.02118   0.01445   0.01945   0.02361   0.06753   0.18575   0.25605   0.05034   0.06440   0.24350   0.36544   0.44126   0.25330   0.22811   2.37430   0.33034  
 35  0.0083  12873.847046  x:  0.57787   0.28945   1.63889   0.23136   0.08398   0.28907   0.04423   0.02132   0.01449   0.01911   0.02355   0.06790   0.18517   0.25881   0.05176   0.06623   0.24382   0.36534   0.44210   0.25331   0.22688   2.36465   0.33154  
 36  0.0078  12873.827788  x:  0.57562   0.28910   1.64253   0.23055   0.08412   0.28926   0.04381   0.02144   0.01454   0.01927   0.02384   0.06788   0.18510   0.25937   0.05258   0.06534   0.24352   0.36252   0.43897   0.25328   0.22643   2.36302   0.33090  
 37  0.0039  12873.817238  x:  0.57843   0.28776   1.64179   0.23139   0.08204   0.28925   0.04368   0.02166   0.01453   0.01927   0.02396   0.06781   0.18440   0.25935   0.05251   0.06567   0.24308   0.36313   0.43716   0.25374   0.22671   2.35829   0.33095  
 38  0.0028  12873.814954  x:  0.57705   0.28753   1.63869   0.23155   0.08144   0.28933   0.04356   0.02154   0.01450   0.01920   0.02391   0.06786   0.18468   0.25919   0.05259   0.06551   0.24329   0.36379   0.43680   0.25364   0.22693   2.35787   0.33108  
 39  0.0026  12873.814283  x:  0.57721   0.28696   1.64022   0.23152   0.08130   0.28940   0.04357   0.02155   0.01452   0.01925   0.02391   0.06801   0.18494   0.25896   0.05270   0.06554   0.24353   0.36410   0.43701   0.25347   0.22692   2.35801   0.33113  
 40  0.0009  12873.814058  x:  0.57745   0.28689   1.64008   0.23134   0.08124   0.28934   0.04354   0.02159   0.01452   0.01922   0.02386   0.06799   0.18521   0.25893   0.05274   0.06552   0.24341   0.36391   0.43736   0.25348   0.22683   2.35806   0.33110  
 41  0.0004  12873.814028  x:  0.57743   0.28696   1.63981   0.23135   0.08122   0.28932   0.04354   0.02159   0.01453   0.01924   0.02388   0.06797   0.18526   0.25893   0.05275   0.06553   0.24338   0.36389   0.43743   0.25349   0.22685   2.35822   0.33112  
 42  0.0003  12873.814019  x:  0.57743   0.28700   1.63995   0.23138   0.08121   0.28930   0.04354   0.02159   0.01454   0.01924   0.02388   0.06796   0.18531   0.25895   0.05275   0.06552   0.24338   0.36393   0.43739   0.25350   0.22688   2.35826   0.33111  
 43  0.0001  12873.814018  x:  0.57741   0.28702   1.63996   0.23139   0.08120   0.28931   0.04354   0.02159   0.01453   0.01924   0.02388   0.06796   0.18531   0.25896   0.05275   0.06552   0.24338   0.36394   0.43737   0.25350   0.22687   2.35835   0.33111  
 44  0.0001  12873.814018  x:  0.57742   0.28702   1.63996   0.23139   0.08120   0.28931   0.04354   0.02159   0.01453   0.01924   0.02388   0.06797   0.18531   0.25896   0.05275   0.06552   0.24338   0.36393   0.43737   0.25351   0.22687   2.35835   0.33111  
 45  0.0000  12873.814018  x:  0.57742   0.28702   1.63996   0.23139   0.08120   0.28931   0.04354   0.02159   0.01453   0.01924   0.02388   0.06797   0.18531   0.25896   0.05275   0.06552   0.24338   0.36393   0.43737   0.25351   0.22687   2.35835   0.33111  
 46  0.0000  12873.814018  x:  0.57742   0.28702   1.63996   0.23139   0.08120   0.28931   0.04354   0.02159   0.01453   0.01924   0.02388   0.06797   0.18531   0.25896   0.05275   0.06552   0.24338   0.36393   0.43737   0.25351   0.22687   2.35835   0.33111  