Supplemental results for CODEML (seqf: alinhamento_PAL2NAL_semgaps.phy  treef: Mx_arvore.tre)


MLEs of dN/dS (w) for site classes (K=3)

p:   0.59854  0.35813  0.04333
w:   0.10409  1.00000  3.09370

Naive Empirical Bayes (NEB) probabilities for 3 classes & postmean_w & P(w>1)
(amino acids refer to 1st sequence: Chicken)

   1 M   0.99908 0.00092 0.00000 ( 1)  0.105  0.000
   2 -   0.27565 0.71889 0.00546 ( 2)  0.764  0.005
   3 -   0.00000 0.12813 0.87187 ( 3)  2.825  0.872
   4 -   0.06604 0.89476 0.03920 ( 2)  1.023  0.039
   5 -   0.00004 0.59708 0.40288 ( 2)  1.843  0.403
   6 -   0.00001 0.39223 0.60775 ( 3)  2.272  0.608
   7 -   0.00011 0.76504 0.23485 ( 2)  1.492  0.235
   8 A   0.03710 0.95634 0.00656 ( 2)  0.981  0.007
   9 P   0.00002 0.44778 0.55221 ( 3)  2.156  0.552
  10 E   0.81631 0.18313 0.00056 ( 1)  0.270  0.001
  11 L   0.00014 0.68155 0.31831 ( 2)  1.666  0.318
  12 T   0.26558 0.73141 0.00301 ( 2)  0.768  0.003
  13 D   0.00029 0.80309 0.19662 ( 2)  1.411  0.197
  14 R   0.00014 0.72684 0.27302 ( 2)  1.572  0.273
  15 K   0.00073 0.69098 0.30829 ( 2)  1.645  0.308
  16 P   0.00428 0.94229 0.05343 ( 2)  1.108  0.053
  17 E   0.00000 0.16601 0.83399 ( 3)  2.746  0.834
  18 H   0.00749 0.91190 0.08061 ( 2)  1.162  0.081
  19 E   0.18072 0.81158 0.00770 ( 2)  0.854  0.008
  20 Q   0.03895 0.92135 0.03969 ( 2)  1.048  0.040
  21 K   0.02299 0.89535 0.08166 ( 2)  1.150  0.082
  22 V   0.31344 0.68151 0.00505 ( 2)  0.730  0.005
  23 S   0.01559 0.98030 0.00411 ( 2)  0.995  0.004
  24 K   0.01246 0.97500 0.01254 ( 2)  1.015  0.013
  25 R   0.00002 0.76174 0.23824 ( 2)  1.499  0.238
  26 L   0.00025 0.79537 0.20438 ( 2)  1.428  0.204
  27 N   0.00422 0.95982 0.03596 ( 2)  1.072  0.036
  28 D   0.00010 0.84499 0.15491 ( 2)  1.324  0.155
  29 R   0.00384 0.94109 0.05507 ( 2)  1.112  0.055
  30 E   0.96846 0.03144 0.00010 ( 1)  0.133  0.000
  31 E   0.59780 0.40120 0.00099 ( 1)  0.467  0.001
  32 D   0.00000 0.52199 0.47800 ( 2)  2.001  0.478
  33 K   0.00012 0.88577 0.11410 ( 2)  1.239  0.114
  34 D   0.00028 0.81070 0.18902 ( 2)  1.395  0.189
  35 E   0.00418 0.97896 0.01686 ( 2)  1.032  0.017
  36 A   0.01345 0.97372 0.01283 ( 2)  1.015  0.013
  37 A   0.00028 0.74518 0.25454 ( 2)  1.533  0.255
  38 A   0.03602 0.95768 0.00630 ( 2)  0.981  0.006
  39 C   0.00050 0.97356 0.02594 ( 2)  1.054  0.026
  40 S   0.55899 0.44077 0.00023 ( 1)  0.500  0.000
  41 L   0.98716 0.01283 0.00000 ( 1)  0.116  0.000
  42 D   0.11597 0.88265 0.00138 ( 2)  0.899  0.001
  43 N   0.89872 0.10126 0.00001 ( 1)  0.195  0.000
  44 Q   0.95720 0.04278 0.00002 ( 1)  0.142  0.000
  45 Y   0.98922 0.01078 0.00000 ( 1)  0.114  0.000
  46 D   0.99425 0.00575 0.00000 ( 1)  0.109  0.000
  47 R   0.91946 0.08051 0.00002 ( 1)  0.176  0.000
  48 K   0.99945 0.00055 0.00000 ( 1)  0.105  0.000
  49 I   0.98074 0.01926 0.00000 ( 1)  0.121  0.000
  50 Q   0.92581 0.07417 0.00003 ( 1)  0.171  0.000
  51 P   0.98898 0.01102 0.00000 ( 1)  0.114  0.000
  52 C   0.98857 0.01142 0.00000 ( 1)  0.114  0.000
  53 I   0.99756 0.00244 0.00000 ( 1)  0.106  0.000
  54 D   0.99943 0.00057 0.00000 ( 1)  0.105  0.000
  55 L   0.99271 0.00729 0.00000 ( 1)  0.111  0.000
  56 V   0.98018 0.01982 0.00000 ( 1)  0.122  0.000
  57 D   0.99954 0.00046 0.00000 ( 1)  0.105  0.000
  58 S   0.06512 0.93254 0.00233 ( 2)  0.947  0.002
  59 L   0.98873 0.01127 0.00000 ( 1)  0.114  0.000
  60 R   0.99064 0.00936 0.00000 ( 1)  0.112  0.000
  61 K   0.11766 0.87704 0.00530 ( 2)  0.906  0.005
  62 L   0.98738 0.01262 0.00000 ( 1)  0.115  0.000
  63 D   0.90446 0.09549 0.00005 ( 1)  0.190  0.000
  64 I   0.97940 0.02060 0.00000 ( 1)  0.123  0.000
  65 G   0.99093 0.00907 0.00000 ( 1)  0.112  0.000
  66 N   0.77568 0.22424 0.00008 ( 1)  0.305  0.000
  67 D   0.99954 0.00046 0.00000 ( 1)  0.105  0.000
  68 L   0.98944 0.01056 0.00000 ( 1)  0.114  0.000
  69 M   0.14178 0.85653 0.00169 ( 2)  0.877  0.002
  70 L   0.98709 0.01291 0.00000 ( 1)  0.116  0.000
  71 P   0.98459 0.01541 0.00000 ( 1)  0.118  0.000
  72 A   0.99656 0.00344 0.00000 ( 1)  0.107  0.000
  73 I   0.99854 0.00146 0.00000 ( 1)  0.105  0.000
  74 A   0.99344 0.00656 0.00000 ( 1)  0.110  0.000
  75 V   0.99724 0.00276 0.00000 ( 1)  0.107  0.000
  76 I   0.99793 0.00207 0.00000 ( 1)  0.106  0.000
  77 G   0.99814 0.00186 0.00000 ( 1)  0.106  0.000
  78 D   0.99954 0.00046 0.00000 ( 1)  0.105  0.000
  79 R   0.96810 0.03190 0.00000 ( 1)  0.133  0.000
  80 N   0.98914 0.01086 0.00000 ( 1)  0.114  0.000
  81 S   0.97107 0.02891 0.00001 ( 1)  0.130  0.000
  82 G   0.99861 0.00139 0.00000 ( 1)  0.105  0.000
  83 K   0.99935 0.00065 0.00000 ( 1)  0.105  0.000
  84 S   0.99932 0.00068 0.00000 ( 1)  0.105  0.000
  85 S   0.96236 0.03763 0.00002 ( 1)  0.138  0.000
  86 V   0.94939 0.05060 0.00002 ( 1)  0.149  0.000
  87 L   0.98860 0.01140 0.00000 ( 1)  0.114  0.000
  88 E   0.99909 0.00091 0.00000 ( 1)  0.105  0.000
  89 A   0.99438 0.00562 0.00000 ( 1)  0.109  0.000
  90 L   0.98818 0.01181 0.00000 ( 1)  0.115  0.000
  91 S   0.95560 0.04437 0.00003 ( 1)  0.144  0.000
  92 G   0.99362 0.00638 0.00000 ( 1)  0.110  0.000
  93 V   0.99358 0.00641 0.00000 ( 1)  0.110  0.000
  94 A   0.92631 0.07366 0.00003 ( 1)  0.170  0.000
  95 L   0.98647 0.01353 0.00000 ( 1)  0.116  0.000
  96 P   0.98898 0.01102 0.00000 ( 1)  0.114  0.000
  97 R   0.99711 0.00289 0.00000 ( 1)  0.107  0.000
  98 D   0.98516 0.01484 0.00000 ( 1)  0.117  0.000
  99 K   0.79016 0.20980 0.00004 ( 1)  0.292  0.000
 100 G   0.99302 0.00698 0.00000 ( 1)  0.110  0.000
 101 V   0.96728 0.03272 0.00001 ( 1)  0.133  0.000
 102 I   0.92582 0.07414 0.00004 ( 1)  0.171  0.000
 103 T   0.99351 0.00649 0.00000 ( 1)  0.110  0.000
 104 R   0.98922 0.01077 0.00000 ( 1)  0.114  0.000
 105 C   0.96989 0.03010 0.00001 ( 1)  0.131  0.000
 106 P   0.98034 0.01965 0.00000 ( 1)  0.122  0.000
 107 L   0.98824 0.01176 0.00000 ( 1)  0.115  0.000
 108 E   0.98017 0.01983 0.00000 ( 1)  0.122  0.000
 109 L   0.98754 0.01246 0.00000 ( 1)  0.115  0.000
 110 K   0.98278 0.01722 0.00000 ( 1)  0.120  0.000
 111 L   0.98643 0.01356 0.00001 ( 1)  0.116  0.000
 112 K   0.98686 0.01314 0.00000 ( 1)  0.116  0.000
 113 K   0.97784 0.02215 0.00001 ( 1)  0.124  0.000
 114 M   0.55879 0.44065 0.00056 ( 1)  0.501  0.001
 115 T   0.00001 0.71271 0.28728 ( 2)  1.601  0.287
 116 A   0.00030 0.96810 0.03160 ( 2)  1.066  0.032
 117 -   0.59854 0.35813 0.04333 ( 1)  0.554  0.043
 118 P   0.01465 0.98181 0.00354 ( 2)  0.994  0.004
 119 Q   0.23145 0.76765 0.00090 ( 2)  0.795  0.001
 120 E   0.86665 0.13320 0.00014 ( 1)  0.224  0.000
 121 W   0.97368 0.02631 0.00000 ( 1)  0.128  0.000
 122 K   0.24009 0.75910 0.00082 ( 2)  0.787  0.001
 123 G   0.99832 0.00168 0.00000 ( 1)  0.106  0.000
 124 V   0.79812 0.20175 0.00013 ( 1)  0.285  0.000
 125 I   0.97809 0.02191 0.00000 ( 1)  0.124  0.000
 126 Y   0.00022 0.93855 0.06124 ( 2)  1.128  0.061
 127 Y   0.96572 0.03428 0.00000 ( 1)  0.135  0.000
 128 R   0.00012 0.95335 0.04653 ( 2)  1.097  0.047
 129 N   0.99611 0.00389 0.00000 ( 1)  0.108  0.000
 130 T   0.00001 0.56033 0.43966 ( 2)  1.921  0.440
 131 E   0.15549 0.84342 0.00109 ( 2)  0.863  0.001
 132 I   0.00440 0.97567 0.01994 ( 2)  1.038  0.020
 133 Q   0.87014 0.12981 0.00005 ( 1)  0.221  0.000
 134 L   0.09659 0.89750 0.00591 ( 2)  0.926  0.006
 135 Q   0.00312 0.93331 0.06357 ( 2)  1.130  0.064
 136 N   0.33242 0.66658 0.00100 ( 2)  0.704  0.001
 137 A   0.36954 0.62758 0.00287 ( 2)  0.675  0.003
 138 S   0.93897 0.06097 0.00006 ( 1)  0.159  0.000
 139 E   0.33459 0.65824 0.00718 ( 2)  0.715  0.007
 140 V   0.99728 0.00272 0.00000 ( 1)  0.107  0.000
 141 K   0.98336 0.01663 0.00000 ( 1)  0.119  0.000
 142 K   0.00355 0.98113 0.01532 ( 2)  1.029  0.015
 143 A   0.44042 0.55890 0.00069 ( 2)  0.607  0.001
 144 I   0.98092 0.01907 0.00001 ( 1)  0.121  0.000
 145 R   0.34519 0.65443 0.00038 ( 2)  0.692  0.000
 146 K   0.17008 0.82605 0.00387 ( 2)  0.856  0.004
 147 A   0.97308 0.02692 0.00000 ( 1)  0.128  0.000
 148 Q   0.99712 0.00288 0.00000 ( 1)  0.107  0.000
 149 D   0.47737 0.52195 0.00068 ( 2)  0.574  0.001
 150 I   0.00007 0.87485 0.12508 ( 2)  1.262  0.125
 151 V   0.97347 0.02653 0.00000 ( 1)  0.128  0.000
 152 A   0.99221 0.00779 0.00000 ( 1)  0.111  0.000
 153 G   0.99832 0.00168 0.00000 ( 1)  0.106  0.000
 154 T   0.19960 0.79948 0.00093 ( 2)  0.823  0.001
 155 N   0.36195 0.63769 0.00036 ( 2)  0.676  0.000
 156 G   0.00005 0.88534 0.11461 ( 2)  1.240  0.115
 157 S   0.00950 0.98672 0.00378 ( 2)  0.999  0.004
 158 I   0.99826 0.00174 0.00000 ( 1)  0.106  0.000
 159 S   0.99659 0.00341 0.00000 ( 1)  0.107  0.000
 160 G   0.00140 0.97610 0.02250 ( 2)  1.046  0.022
 161 E   0.91191 0.08805 0.00004 ( 1)  0.183  0.000
 162 L   0.97443 0.02556 0.00001 ( 1)  0.127  0.000
 163 I   0.99702 0.00298 0.00000 ( 1)  0.107  0.000
 164 S   0.13579 0.86381 0.00041 ( 2)  0.879  0.000
 165 L   0.98549 0.01451 0.00001 ( 1)  0.117  0.000
 166 E   0.99213 0.00787 0.00000 ( 1)  0.111  0.000
 167 I   0.85413 0.14581 0.00006 ( 1)  0.235  0.000
 168 W   0.73178 0.26819 0.00003 ( 1)  0.344  0.000
 169 S   0.98171 0.01829 0.00000 ( 1)  0.120  0.000
 170 P   0.78927 0.21039 0.00034 ( 1)  0.294  0.000
 171 D   0.02800 0.96782 0.00418 ( 2)  0.984  0.004
 172 V   0.99715 0.00285 0.00000 ( 1)  0.107  0.000
 173 P   0.97836 0.02163 0.00001 ( 1)  0.123  0.000
 174 D   0.99904 0.00096 0.00000 ( 1)  0.105  0.000
 175 L   0.98944 0.01056 0.00000 ( 1)  0.114  0.000
 176 T   0.99395 0.00605 0.00000 ( 1)  0.110  0.000
 177 L   0.98310 0.01689 0.00001 ( 1)  0.119  0.000
 178 I   0.99727 0.00273 0.00000 ( 1)  0.107  0.000
 179 D   0.99943 0.00057 0.00000 ( 1)  0.105  0.000
 180 L   0.97972 0.02027 0.00001 ( 1)  0.122  0.000
 181 P   0.97463 0.02536 0.00001 ( 1)  0.127  0.000
 182 G   0.99622 0.00378 0.00000 ( 1)  0.107  0.000
 183 I   0.99808 0.00192 0.00000 ( 1)  0.106  0.000
 184 A   0.97863 0.02137 0.00000 ( 1)  0.123  0.000
 185 R   0.99792 0.00208 0.00000 ( 1)  0.106  0.000
 186 E   0.97010 0.02989 0.00001 ( 1)  0.131  0.000
 187 A   0.99318 0.00682 0.00000 ( 1)  0.110  0.000
 188 V   0.95863 0.04136 0.00001 ( 1)  0.141  0.000
 189 G   0.95696 0.04304 0.00001 ( 1)  0.143  0.000
 190 N   0.98690 0.01309 0.00000 ( 1)  0.116  0.000
 191 Q   0.99748 0.00252 0.00000 ( 1)  0.106  0.000
 192 P   0.97597 0.02402 0.00001 ( 1)  0.126  0.000
 193 Q   0.00000 0.63513 0.36487 ( 2)  1.764  0.365
 194 D   0.99948 0.00052 0.00000 ( 1)  0.105  0.000
 195 N   0.96869 0.03130 0.00002 ( 1)  0.132  0.000
 196 G   0.69538 0.30409 0.00053 ( 1)  0.378  0.001
 197 Q   0.00057 0.93430 0.06513 ( 2)  1.136  0.065
 198 Q   0.80853 0.19138 0.00009 ( 1)  0.276  0.000
 199 I   0.98736 0.01264 0.00000 ( 1)  0.115  0.000
 200 K   0.99935 0.00065 0.00000 ( 1)  0.105  0.000
 201 T   0.00039 0.74478 0.25483 ( 2)  1.533  0.255
 202 L   0.98645 0.01355 0.00000 ( 1)  0.116  0.000
 203 L   0.97520 0.02479 0.00001 ( 1)  0.126  0.000
 204 K   0.01148 0.97974 0.00878 ( 2)  1.008  0.009
 205 K   0.88482 0.11508 0.00010 ( 1)  0.207  0.000
 206 Y   0.41821 0.58085 0.00094 ( 2)  0.627  0.001
 207 I   0.99845 0.00155 0.00000 ( 1)  0.105  0.000
 208 G   0.00000 0.42825 0.57175 ( 3)  2.197  0.572
 209 C   0.00936 0.98710 0.00354 ( 2)  0.999  0.004
 210 K   0.97110 0.02890 0.00000 ( 1)  0.130  0.000
 211 E   0.99949 0.00051 0.00000 ( 1)  0.105  0.000
 212 T   0.99689 0.00311 0.00000 ( 1)  0.107  0.000
 213 I   0.99884 0.00116 0.00000 ( 1)  0.105  0.000
 214 I   0.90681 0.09312 0.00007 ( 1)  0.188  0.000
 215 V   0.85363 0.14621 0.00015 ( 1)  0.236  0.000
 216 V   0.99736 0.00264 0.00000 ( 1)  0.106  0.000
 217 V   0.99786 0.00214 0.00000 ( 1)  0.106  0.000
 218 V   0.99709 0.00290 0.00000 ( 1)  0.107  0.000
 219 P   0.98893 0.01107 0.00000 ( 1)  0.114  0.000
 220 C   0.00502 0.97973 0.01525 ( 2)  1.027  0.015
 221 N   0.99921 0.00079 0.00000 ( 1)  0.105  0.000
 222 V   0.99809 0.00191 0.00000 ( 1)  0.106  0.000
 223 D   0.99943 0.00057 0.00000 ( 1)  0.105  0.000
 224 I   0.99670 0.00330 0.00000 ( 1)  0.107  0.000
 225 A   0.99620 0.00380 0.00000 ( 1)  0.107  0.000
 226 T   0.99653 0.00347 0.00000 ( 1)  0.107  0.000
 227 T   0.99185 0.00814 0.00000 ( 1)  0.111  0.000
 228 E   0.99941 0.00059 0.00000 ( 1)  0.105  0.000
 229 A   0.99667 0.00333 0.00000 ( 1)  0.107  0.000
 230 L   0.98948 0.01052 0.00000 ( 1)  0.114  0.000
 231 K   0.00841 0.98813 0.00346 ( 2)  1.000  0.003
 232 M   0.99986 0.00014 0.00000 ( 1)  0.104  0.000
 233 A   0.99163 0.00836 0.00000 ( 1)  0.112  0.000
 234 Q   0.99651 0.00349 0.00000 ( 1)  0.107  0.000
 235 E   0.99482 0.00518 0.00000 ( 1)  0.109  0.000
 236 V   0.99809 0.00191 0.00000 ( 1)  0.106  0.000
 237 D   0.99946 0.00054 0.00000 ( 1)  0.105  0.000
 238 P   0.98418 0.01582 0.00000 ( 1)  0.118  0.000
 239 T   0.00468 0.96303 0.03229 ( 2)  1.063  0.032
 240 G   0.99411 0.00589 0.00000 ( 1)  0.109  0.000
 241 E   0.99371 0.00629 0.00000 ( 1)  0.110  0.000
 242 R   0.99927 0.00073 0.00000 ( 1)  0.105  0.000
 243 T   0.99711 0.00289 0.00000 ( 1)  0.107  0.000
 244 L   0.95746 0.04252 0.00001 ( 1)  0.142  0.000
 245 G   0.99717 0.00283 0.00000 ( 1)  0.107  0.000
 246 V   0.85118 0.14875 0.00006 ( 1)  0.238  0.000
 247 L   0.97615 0.02383 0.00002 ( 1)  0.125  0.000
 248 T   0.99503 0.00497 0.00000 ( 1)  0.109  0.000
 249 K   0.99935 0.00065 0.00000 ( 1)  0.105  0.000
 250 P   0.97919 0.02081 0.00000 ( 1)  0.123  0.000
 251 D   0.99866 0.00134 0.00000 ( 1)  0.105  0.000
 252 L   0.98808 0.01192 0.00000 ( 1)  0.115  0.000
 253 V   0.99809 0.00191 0.00000 ( 1)  0.106  0.000
 254 N   0.99495 0.00505 0.00000 ( 1)  0.109  0.000
 255 E   0.01683 0.97844 0.00473 ( 2)  0.995  0.005
 256 G   0.99624 0.00376 0.00000 ( 1)  0.107  0.000
 257 T   0.90590 0.09406 0.00004 ( 1)  0.188  0.000
 258 E   0.99804 0.00196 0.00000 ( 1)  0.106  0.000
 259 E   0.56425 0.43544 0.00031 ( 1)  0.495  0.000
 260 T   0.47949 0.51996 0.00055 ( 2)  0.572  0.001
 261 V   0.49670 0.50205 0.00124 ( 2)  0.558  0.001
 262 L   0.17860 0.81890 0.00250 ( 2)  0.845  0.003
 263 K   0.47185 0.52796 0.00019 ( 2)  0.578  0.000
 264 I   0.97940 0.02060 0.00000 ( 1)  0.123  0.000
 265 I   0.01615 0.97481 0.00904 ( 2)  1.004  0.009
 266 Q   0.51122 0.48825 0.00053 ( 1)  0.543  0.001
 267 N   0.99947 0.00053 0.00000 ( 1)  0.105  0.000
 268 E   0.52989 0.46962 0.00048 ( 1)  0.526  0.000
 269 V   0.99742 0.00258 0.00000 ( 1)  0.106  0.000
 270 I   0.01351 0.97871 0.00778 ( 2)  1.004  0.008
 271 P   0.71891 0.28097 0.00013 ( 1)  0.356  0.000
 272 L   0.99079 0.00921 0.00000 ( 1)  0.112  0.000
 273 R   0.99386 0.00614 0.00000 ( 1)  0.110  0.000
 274 K   0.99935 0.00065 0.00000 ( 1)  0.105  0.000
 275 G   0.99814 0.00186 0.00000 ( 1)  0.106  0.000
 276 Y   0.99693 0.00307 0.00000 ( 1)  0.107  0.000
 277 M   0.99986 0.00014 0.00000 ( 1)  0.104  0.000
 278 I   0.95166 0.04832 0.00001 ( 1)  0.147  0.000
 279 V   0.99750 0.00250 0.00000 ( 1)  0.106  0.000
 280 K   0.99942 0.00058 0.00000 ( 1)  0.105  0.000
 281 C   0.98310 0.01690 0.00000 ( 1)  0.119  0.000
 282 Y   0.46320 0.53263 0.00417 ( 2)  0.594  0.004
 283 G   0.99670 0.00330 0.00000 ( 1)  0.107  0.000
 284 Q   0.99651 0.00349 0.00000 ( 1)  0.107  0.000
 285 M   0.54845 0.45124 0.00031 ( 1)  0.509  0.000
 286 D   0.95609 0.04389 0.00002 ( 1)  0.143  0.000
 287 F   0.98084 0.01916 0.00000 ( 1)  0.121  0.000
 288 C   0.03170 0.96526 0.00303 ( 2)  0.978  0.003
 289 N   0.14798 0.84940 0.00262 ( 2)  0.873  0.003
 290 E   0.25047 0.74847 0.00107 ( 2)  0.778  0.001
 291 L   0.46364 0.53474 0.00162 ( 2)  0.588  0.002
 292 S   0.80278 0.19720 0.00002 ( 1)  0.281  0.000
 293 F   0.88975 0.11018 0.00007 ( 1)  0.203  0.000
 294 T   0.01946 0.96327 0.01727 ( 2)  1.019  0.017
 295 S   0.09908 0.89898 0.00194 ( 2)  0.915  0.002
 296 A   0.99554 0.00446 0.00000 ( 1)  0.108  0.000
 297 I   0.43587 0.56256 0.00157 ( 2)  0.613  0.002
 298 Q   0.94890 0.05109 0.00001 ( 1)  0.150  0.000
 299 Q   0.21408 0.78284 0.00309 ( 2)  0.815  0.003
 300 E   0.99950 0.00050 0.00000 ( 1)  0.105  0.000
 301 R   0.02268 0.97173 0.00559 ( 2)  0.991  0.006
 302 E   0.00006 0.82257 0.17737 ( 2)  1.371  0.177
 303 F   0.99721 0.00279 0.00000 ( 1)  0.107  0.000
 304 F   0.99309 0.00691 0.00000 ( 1)  0.110  0.000
 305 E   0.93935 0.06063 0.00002 ( 1)  0.158  0.000
 306 T   0.00534 0.98902 0.00565 ( 2)  1.007  0.006
 307 H   0.99865 0.00135 0.00000 ( 1)  0.105  0.000
 308 K   0.00050 0.90315 0.09635 ( 2)  1.201  0.096
 309 H   0.00044 0.92633 0.07322 ( 2)  1.153  0.073
 310 F   0.99721 0.00279 0.00000 ( 1)  0.107  0.000
 311 S   0.90756 0.09243 0.00001 ( 1)  0.187  0.000
 312 T   0.01404 0.97543 0.01053 ( 2)  1.009  0.011
 313 L   0.97915 0.02084 0.00001 ( 1)  0.123  0.000
 314 L   0.98956 0.01044 0.00000 ( 1)  0.113  0.000
 315 D   0.99507 0.00493 0.00000 ( 1)  0.109  0.000
 316 E   0.60456 0.39516 0.00029 ( 1)  0.459  0.000
 317 N   0.72145 0.27851 0.00005 ( 1)  0.354  0.000
 318 K   0.34594 0.65287 0.00119 ( 2)  0.693  0.001
 319 A   0.99656 0.00344 0.00000 ( 1)  0.107  0.000
 320 T   0.99369 0.00631 0.00000 ( 1)  0.110  0.000
 321 I   0.26377 0.73437 0.00186 ( 2)  0.768  0.002
 322 P   0.98983 0.01017 0.00000 ( 1)  0.113  0.000
 323 H   0.01374 0.98201 0.00425 ( 2)  0.997  0.004
 324 L   0.98864 0.01136 0.00000 ( 1)  0.114  0.000
 325 A   0.99131 0.00869 0.00000 ( 1)  0.112  0.000
 326 N   0.05574 0.94131 0.00294 ( 2)  0.956  0.003
 327 K   0.52741 0.47204 0.00054 ( 1)  0.529  0.001
 328 L   0.98890 0.01110 0.00000 ( 1)  0.114  0.000
 329 T   0.99623 0.00377 0.00000 ( 1)  0.107  0.000
 330 D   0.00000 0.04226 0.95774 ( 3)  3.005  0.958
 331 E   0.99905 0.00095 0.00000 ( 1)  0.105  0.000
 332 L   0.99115 0.00885 0.00000 ( 1)  0.112  0.000
 333 V   0.81558 0.18437 0.00004 ( 1)  0.269  0.000
 334 G   0.00162 0.94412 0.05427 ( 2)  1.112  0.054
 335 R   0.97561 0.02439 0.00000 ( 1)  0.126  0.000
 336 I   0.99828 0.00172 0.00000 ( 1)  0.106  0.000
 337 I   0.22990 0.76661 0.00349 ( 2)  0.801  0.003
 338 K   0.99794 0.00206 0.00000 ( 1)  0.106  0.000
 339 T   0.38367 0.61309 0.00324 ( 2)  0.663  0.003
 340 L   0.98709 0.01291 0.00000 ( 1)  0.116  0.000
 341 P   0.98464 0.01536 0.00000 ( 1)  0.118  0.000
 342 A   0.00722 0.98173 0.01106 ( 2)  1.017  0.011
 343 I   0.83294 0.16682 0.00023 ( 1)  0.254  0.000
 344 E   0.99842 0.00158 0.00000 ( 1)  0.106  0.000
 345 K   0.23423 0.76486 0.00090 ( 2)  0.792  0.001
 346 Q   0.99162 0.00838 0.00000 ( 1)  0.112  0.000
 347 V   0.98498 0.01502 0.00000 ( 1)  0.118  0.000
 348 H   0.01708 0.97935 0.00357 ( 2)  0.992  0.004
 349 D   0.02685 0.96258 0.01057 ( 2)  0.998  0.011
 350 A   0.00001 0.89039 0.10960 ( 2)  1.229  0.110
 351 L   0.91371 0.08627 0.00002 ( 1)  0.181  0.000
 352 Q   0.96681 0.03318 0.00001 ( 1)  0.134  0.000
 353 Q   0.00002 0.83536 0.16462 ( 2)  1.345  0.165
 354 A   0.02224 0.97318 0.00459 ( 2)  0.990  0.005
 355 K   0.00382 0.97557 0.02061 ( 2)  1.040  0.021
 356 K   0.95321 0.04679 0.00001 ( 1)  0.146  0.000
 357 E   0.99935 0.00065 0.00000 ( 1)  0.105  0.000
 358 L   0.96640 0.03355 0.00005 ( 1)  0.134  0.000
 359 Q   0.99458 0.00542 0.00000 ( 1)  0.109  0.000
 360 K   0.99950 0.00050 0.00000 ( 1)  0.105  0.000
 361 Y   0.99557 0.00443 0.00000 ( 1)  0.108  0.000
 362 T   0.51435 0.48526 0.00039 ( 1)  0.540  0.000
 363 Q   0.00000 0.19199 0.80801 ( 3)  2.692  0.808
 364 S   0.93832 0.06167 0.00001 ( 1)  0.159  0.000
 365 T   0.15653 0.84166 0.00180 ( 2)  0.864  0.002
 366 H   0.85016 0.14962 0.00022 ( 1)  0.239  0.000
 367 P   0.22475 0.77463 0.00062 ( 2)  0.800  0.001
 368 T   0.03681 0.96106 0.00213 ( 2)  0.971  0.002
 369 V   0.65749 0.34207 0.00043 ( 1)  0.412  0.000
 370 S   0.00043 0.90695 0.09262 ( 2)  1.194  0.093
 371 D   0.06226 0.93148 0.00626 ( 2)  0.957  0.006
 372 K   0.98575 0.01425 0.00000 ( 1)  0.117  0.000
 373 T   0.55520 0.44441 0.00039 ( 1)  0.503  0.000
 374 I   0.00655 0.98466 0.00878 ( 2)  1.013  0.009
 375 F   0.58050 0.41910 0.00040 ( 1)  0.481  0.000
 376 L   0.98953 0.01046 0.00000 ( 1)  0.113  0.000
 377 V   0.01757 0.98060 0.00183 ( 2)  0.988  0.002
 378 G   0.12364 0.87476 0.00160 ( 2)  0.893  0.002
 379 L   0.66409 0.33581 0.00010 ( 1)  0.405  0.000
 380 I   0.64609 0.35296 0.00095 ( 1)  0.423  0.001
 381 K   0.36665 0.63216 0.00120 ( 2)  0.674  0.001
 382 A   0.00341 0.96407 0.03252 ( 2)  1.065  0.033
 383 F   0.99085 0.00915 0.00000 ( 1)  0.112  0.000
 384 N   0.99856 0.00144 0.00000 ( 1)  0.105  0.000
 385 E   0.00013 0.85556 0.14430 ( 2)  1.302  0.144
 386 D   0.89662 0.10330 0.00008 ( 1)  0.197  0.000
 387 I   0.97219 0.02781 0.00000 ( 1)  0.129  0.000
 388 S   0.00001 0.63017 0.36982 ( 2)  1.774  0.370
 389 Q   0.00000 0.41530 0.58470 ( 3)  2.224  0.585
 390 T   0.00017 0.67021 0.32962 ( 2)  1.690  0.330
 391 M   0.43377 0.56557 0.00067 ( 2)  0.613  0.001
 392 H   0.00461 0.97937 0.01603 ( 2)  1.029  0.016
 393 G   0.92919 0.07079 0.00002 ( 1)  0.168  0.000
 394 K   0.89397 0.10599 0.00004 ( 1)  0.199  0.000
 395 E   0.99807 0.00193 0.00000 ( 1)  0.106  0.000
 396 S   0.00000 0.06388 0.93612 ( 3)  2.960  0.936
 397 W   0.09797 0.89836 0.00367 ( 2)  0.920  0.004
 398 F   0.00012 0.90257 0.09730 ( 2)  1.204  0.097
 399 G   0.04960 0.94456 0.00583 ( 2)  0.968  0.006
 400 N   0.00462 0.95705 0.03834 ( 2)  1.076  0.038
 401 E   0.37298 0.62621 0.00081 ( 2)  0.668  0.001
 402 I   0.03996 0.95519 0.00485 ( 2)  0.974  0.005
 403 R   0.98984 0.01016 0.00000 ( 1)  0.113  0.000
 404 L   0.98770 0.01229 0.00000 ( 1)  0.115  0.000
 405 F   0.98981 0.01019 0.00000 ( 1)  0.113  0.000
 406 P   0.71728 0.28261 0.00011 ( 1)  0.358  0.000
 407 K   0.97786 0.02214 0.00001 ( 1)  0.124  0.000
 408 I   0.00397 0.92874 0.06729 ( 2)  1.137  0.067
 409 R   0.97696 0.02302 0.00002 ( 1)  0.125  0.000
 410 R   0.00046 0.94952 0.05001 ( 2)  1.104  0.050
 411 E   0.99939 0.00061 0.00000 ( 1)  0.105  0.000
 412 F   0.99360 0.00640 0.00000 ( 1)  0.110  0.000
 413 R   0.00013 0.84826 0.15161 ( 2)  1.317  0.152
 414 T   0.04732 0.94062 0.01205 ( 2)  0.983  0.012
 415 W   0.97368 0.02631 0.00000 ( 1)  0.128  0.000
 416 G   0.01005 0.98431 0.00564 ( 2)  1.003  0.006
 417 V   0.00005 0.75838 0.24157 ( 2)  1.506  0.242
 418 K   0.00000 0.34321 0.65679 ( 3)  2.375  0.657
 419 L   0.55413 0.44528 0.00060 ( 1)  0.505  0.001
 420 L   0.79395 0.20600 0.00006 ( 1)  0.289  0.000
 421 E   0.79730 0.20255 0.00015 ( 1)  0.286  0.000
 422 S   0.03564 0.95881 0.00555 ( 2)  0.980  0.006
 423 S   0.05722 0.93926 0.00352 ( 2)  0.956  0.004
 424 A   0.00097 0.98537 0.01366 ( 2)  1.028  0.014
 425 K   0.33278 0.66464 0.00257 ( 2)  0.707  0.003
 426 -   0.59854 0.35813 0.04333 ( 1)  0.554  0.043
 427 -   0.59854 0.35813 0.04333 ( 1)  0.554  0.043
 428 V   0.46856 0.53096 0.00048 ( 2)  0.581  0.000
 429 E   0.00009 0.90121 0.09871 ( 2)  1.207  0.099
 430 E   0.00003 0.68372 0.31625 ( 2)  1.662  0.316
 431 I   0.00012 0.94454 0.05534 ( 2)  1.116  0.055
 432 V   0.00050 0.94461 0.05489 ( 2)  1.114  0.055
 433 C   0.00000 0.18197 0.81803 ( 3)  2.713  0.818
 434 S   0.13290 0.86601 0.00108 ( 2)  0.883  0.001
 435 K   0.02159 0.96886 0.00954 ( 2)  1.001  0.010
 436 L   0.61536 0.38413 0.00052 ( 1)  0.450  0.001
 437 P   0.00001 0.78518 0.21481 ( 2)  1.450  0.215
 438 K   0.10415 0.88307 0.01279 ( 2)  0.933  0.013
 439 Y   0.88210 0.11786 0.00004 ( 1)  0.210  0.000
 440 E   0.99794 0.00206 0.00000 ( 1)  0.106  0.000
 441 D   0.89678 0.10318 0.00003 ( 1)  0.197  0.000
 442 Q   0.15488 0.84156 0.00355 ( 2)  0.869  0.004
 443 Y   0.99212 0.00787 0.00000 ( 1)  0.111  0.000
 444 R   0.96487 0.03510 0.00003 ( 1)  0.136  0.000
 445 G   0.99680 0.00320 0.00000 ( 1)  0.107  0.000
 446 R   0.99179 0.00821 0.00000 ( 1)  0.111  0.000
 447 E   0.99420 0.00580 0.00000 ( 1)  0.109  0.000
 448 F   0.90317 0.09678 0.00006 ( 1)  0.191  0.000
 449 P   0.97605 0.02395 0.00001 ( 1)  0.126  0.000
 450 D   0.98305 0.01695 0.00000 ( 1)  0.119  0.000
 451 F   0.99008 0.00992 0.00000 ( 1)  0.113  0.000
 452 I   0.98074 0.01926 0.00000 ( 1)  0.121  0.000
 453 S   0.87458 0.12539 0.00003 ( 1)  0.217  0.000
 454 Y   0.99706 0.00294 0.00000 ( 1)  0.107  0.000
 455 W   0.58510 0.41463 0.00027 ( 1)  0.476  0.000
 456 T   0.92686 0.07310 0.00004 ( 1)  0.170  0.000
 457 F   0.98932 0.01068 0.00000 ( 1)  0.114  0.000
 458 E   0.99928 0.00072 0.00000 ( 1)  0.105  0.000
 459 D   0.00230 0.97986 0.01784 ( 2)  1.035  0.018
 460 I   0.99789 0.00211 0.00000 ( 1)  0.106  0.000
 461 I   0.98277 0.01722 0.00001 ( 1)  0.120  0.000
 462 K   0.99819 0.00181 0.00000 ( 1)  0.106  0.000
 463 E   0.55795 0.44153 0.00053 ( 1)  0.501  0.001
 464 Q   0.53508 0.46408 0.00084 ( 1)  0.522  0.001
 465 I   0.73997 0.25985 0.00019 ( 1)  0.337  0.000
 466 T   0.00008 0.83836 0.16157 ( 2)  1.338  0.162
 467 K   0.00108 0.96563 0.03329 ( 2)  1.069  0.033
 468 L   0.98738 0.01262 0.00000 ( 1)  0.115  0.000
 469 E   0.99842 0.00158 0.00000 ( 1)  0.106  0.000
 470 E   0.99942 0.00058 0.00000 ( 1)  0.105  0.000
 471 P   0.81580 0.18401 0.00019 ( 1)  0.270  0.000
 472 A   0.99022 0.00977 0.00000 ( 1)  0.113  0.000
 473 V   0.50602 0.49298 0.00100 ( 1)  0.549  0.001
 474 A   0.03352 0.96410 0.00238 ( 2)  0.975  0.002
 475 M   0.99619 0.00381 0.00000 ( 1)  0.108  0.000
 476 L   0.98831 0.01169 0.00000 ( 1)  0.115  0.000
 477 N   0.85162 0.14833 0.00005 ( 1)  0.237  0.000
 478 K   0.24132 0.75797 0.00071 ( 2)  0.785  0.001
 479 V   0.95936 0.04061 0.00003 ( 1)  0.141  0.000
 480 I   0.95596 0.04403 0.00001 ( 1)  0.144  0.000
 481 Y   0.00005 0.90759 0.09236 ( 2)  1.193  0.092
 482 M   0.45056 0.54864 0.00080 ( 2)  0.598  0.001
 483 V   0.96412 0.03587 0.00001 ( 1)  0.136  0.000
 484 E   0.08462 0.90852 0.00686 ( 2)  0.939  0.007
 485 E   0.00000 0.42521 0.57479 ( 3)  2.203  0.575
 486 K   0.12678 0.87253 0.00069 ( 2)  0.888  0.001
 487 F   0.99538 0.00462 0.00000 ( 1)  0.108  0.000
 488 L   0.00005 0.84914 0.15081 ( 2)  1.316  0.151
 489 Q   0.02640 0.97008 0.00352 ( 2)  0.984  0.004
 490 L   0.07356 0.91999 0.00645 ( 2)  0.948  0.006
 491 A   0.02165 0.93635 0.04201 ( 2)  1.069  0.042
 492 N   0.00001 0.36790 0.63209 ( 3)  2.323  0.632
 493 K   0.03854 0.93617 0.02529 ( 2)  1.018  0.025
 494 R   0.02384 0.97200 0.00416 ( 2)  0.987  0.004
 495 F   0.98888 0.01112 0.00000 ( 1)  0.114  0.000
 496 A   0.00166 0.98109 0.01725 ( 2)  1.035  0.017
 497 N   0.79594 0.20402 0.00004 ( 1)  0.287  0.000
 498 F   0.89993 0.10005 0.00002 ( 1)  0.194  0.000
 499 Q   0.01019 0.97814 0.01167 ( 2)  1.015  0.012
 500 N   0.99947 0.00053 0.00000 ( 1)  0.105  0.000
 501 L   0.97857 0.02142 0.00001 ( 1)  0.123  0.000
 502 N   0.03181 0.96236 0.00583 ( 2)  0.984  0.006
 503 N   0.01871 0.97437 0.00692 ( 2)  0.998  0.007
 504 A   0.91677 0.08321 0.00002 ( 1)  0.179  0.000
 505 A   0.73098 0.26890 0.00013 ( 1)  0.345  0.000
 506 Q   0.99318 0.00682 0.00000 ( 1)  0.110  0.000
 507 A   0.47480 0.52472 0.00048 ( 2)  0.576  0.000
 508 R   0.97145 0.02855 0.00000 ( 1)  0.130  0.000
 509 I   0.99663 0.00337 0.00000 ( 1)  0.107  0.000
 510 G   0.32288 0.67653 0.00059 ( 2)  0.712  0.001
 511 C   0.07697 0.92057 0.00247 ( 2)  0.936  0.002
 512 I   0.99615 0.00385 0.00000 ( 1)  0.108  0.000
 513 S   0.16046 0.83773 0.00181 ( 2)  0.860  0.002
 514 D   0.00000 0.17721 0.82279 ( 3)  2.723  0.823
 515 R   0.00148 0.98822 0.01030 ( 2)  1.020  0.010
 516 Q   0.91372 0.08623 0.00005 ( 1)  0.181  0.000
 517 A   0.97334 0.02666 0.00000 ( 1)  0.128  0.000
 518 T   0.05347 0.94239 0.00414 ( 2)  0.961  0.004
 519 T   0.42312 0.57662 0.00026 ( 2)  0.621  0.000
 520 A   0.92019 0.07978 0.00004 ( 1)  0.176  0.000
 521 K   0.98971 0.01029 0.00000 ( 1)  0.113  0.000
 522 N   0.56998 0.42957 0.00045 ( 1)  0.490  0.000
 523 C   0.00004 0.69343 0.30653 ( 2)  1.642  0.307
 524 I   0.99884 0.00116 0.00000 ( 1)  0.105  0.000
 525 L   0.78690 0.21271 0.00039 ( 1)  0.296  0.000
 526 T   0.08246 0.91361 0.00393 ( 2)  0.934  0.004
 527 Q   0.98349 0.01651 0.00000 ( 1)  0.119  0.000
 528 F   0.99538 0.00462 0.00000 ( 1)  0.108  0.000
 529 K   0.95479 0.04519 0.00001 ( 1)  0.145  0.000
 530 M   0.99986 0.00014 0.00000 ( 1)  0.104  0.000
 531 E   0.99928 0.00072 0.00000 ( 1)  0.105  0.000
 532 R   0.43837 0.56137 0.00027 ( 2)  0.608  0.000
 533 I   0.79297 0.20676 0.00028 ( 1)  0.290  0.000
 534 I   0.96487 0.03512 0.00001 ( 1)  0.136  0.000
 535 Y   0.99740 0.00260 0.00000 ( 1)  0.106  0.000
 536 C   0.98898 0.01102 0.00000 ( 1)  0.114  0.000
 537 Q   0.99691 0.00309 0.00000 ( 1)  0.107  0.000
 538 D   0.99943 0.00057 0.00000 ( 1)  0.105  0.000
 539 N   0.40924 0.59048 0.00028 ( 2)  0.634  0.000
 540 I   0.77798 0.22183 0.00020 ( 1)  0.303  0.000
 541 Y   0.99686 0.00314 0.00000 ( 1)  0.107  0.000
 542 A   0.00035 0.92257 0.07708 ( 2)  1.161  0.077
 543 D   0.00146 0.92262 0.07591 ( 2)  1.158  0.076
 544 D   0.70442 0.29536 0.00022 ( 1)  0.369  0.000
 545 L   0.97195 0.02804 0.00001 ( 1)  0.129  0.000
 546 K   0.03107 0.96125 0.00768 ( 2)  0.988  0.008
 547 A   0.00001 0.81273 0.18725 ( 2)  1.392  0.187
 548 A   0.26035 0.73920 0.00045 ( 2)  0.768  0.000
 549 R   0.94472 0.05527 0.00001 ( 1)  0.154  0.000
 550 A   0.98851 0.01149 0.00000 ( 1)  0.114  0.000
 551 E   0.99592 0.00408 0.00000 ( 1)  0.108  0.000
 552 G   0.01957 0.97591 0.00452 ( 2)  0.992  0.005
 553 I   0.00018 0.91641 0.08342 ( 2)  1.174  0.083
 554 S   0.23918 0.76024 0.00058 ( 2)  0.787  0.001
 555 K   0.95640 0.04359 0.00001 ( 1)  0.143  0.000
 556 D   0.99171 0.00829 0.00000 ( 1)  0.112  0.000
 557 T   0.61347 0.38633 0.00020 ( 1)  0.451  0.000
 558 K   0.00009 0.88545 0.11445 ( 2)  1.240  0.114
 559 I   0.59854 0.35813 0.04333 ( 1)  0.554  0.043
 560 K   0.70300 0.29527 0.00173 ( 1)  0.374  0.002
 561 D   0.00094 0.93474 0.06432 ( 2)  1.134  0.064
 562 L   0.00095 0.85802 0.14103 ( 2)  1.294  0.141
 563 A   0.00005 0.59701 0.40293 ( 2)  1.844  0.403
 564 -   0.00165 0.80237 0.19598 ( 2)  1.409  0.196
 565 -   0.00000 0.17385 0.82614 ( 3)  2.730  0.826
 566 -   0.36324 0.58591 0.05084 ( 2)  0.781  0.051
 567 -   0.00311 0.63791 0.35898 ( 2)  1.749  0.359
 568 F   0.11780 0.88033 0.00188 ( 2)  0.898  0.002
 569 G   0.00118 0.97272 0.02611 ( 2)  1.054  0.026
 570 C   0.00000 0.23396 0.76604 ( 3)  2.604  0.766
 571 A   0.00000 0.04092 0.95908 ( 3)  3.008  0.959
 572 S   0.00030 0.82021 0.17950 ( 2)  1.376  0.179
 573 -   0.59854 0.35813 0.04333 ( 1)  0.554  0.043
 574 -   0.59854 0.35813 0.04333 ( 1)  0.554  0.043
 575 R   0.00159 0.84245 0.15596 ( 2)  1.325  0.156
 576 Q   0.00000 0.28518 0.71481 ( 3)  2.497  0.715
 577 C   0.00000 0.37510 0.62490 ( 3)  2.308  0.625
 578 P   0.00006 0.93495 0.06499 ( 2)  1.136  0.065
 579 S   0.00001 0.43810 0.56190 ( 3)  2.176  0.562
 580 F   0.46705 0.53231 0.00064 ( 2)  0.583  0.001
 581 A   0.00007 0.94071 0.05921 ( 2)  1.124  0.059
 582 L   0.00000 0.55493 0.44507 ( 2)  1.932  0.445
 583 E   0.99926 0.00074 0.00000 ( 1)  0.105  0.000
 584 M   0.99206 0.00794 0.00000 ( 1)  0.111  0.000
 585 V   0.00540 0.96576 0.02884 ( 2)  1.056  0.029
 586 S   0.05265 0.94480 0.00255 ( 2)  0.958  0.003
 587 H   0.99865 0.00135 0.00000 ( 1)  0.105  0.000
 588 V   0.06530 0.93129 0.00340 ( 2)  0.949  0.003
 589 K   0.00126 0.90441 0.09433 ( 2)  1.196  0.094
 590 A   0.99790 0.00210 0.00000 ( 1)  0.106  0.000
 591 Y   0.99514 0.00486 0.00000 ( 1)  0.108  0.000
 592 F   0.01286 0.98152 0.00562 ( 2)  1.000  0.006
 593 T   0.47646 0.52334 0.00020 ( 2)  0.574  0.000
 594 G   0.99171 0.00829 0.00000 ( 1)  0.112  0.000
 595 A   0.09083 0.89905 0.01012 ( 2)  0.940  0.010
 596 S   0.03767 0.95894 0.00338 ( 2)  0.973  0.003
 597 K   0.18720 0.80492 0.00789 ( 2)  0.849  0.008
 598 R   0.66985 0.33001 0.00015 ( 1)  0.400  0.000
 599 L   0.96757 0.03243 0.00000 ( 1)  0.133  0.000
 600 S   0.00482 0.95290 0.04228 ( 2)  1.084  0.042
 601 N   0.40358 0.59619 0.00023 ( 2)  0.639  0.000
 602 Q   0.96398 0.03602 0.00000 ( 1)  0.136  0.000
 603 I   0.99845 0.00155 0.00000 ( 1)  0.105  0.000
 604 P   0.97733 0.02266 0.00001 ( 1)  0.124  0.000
 605 L   0.98403 0.01597 0.00001 ( 1)  0.118  0.000
 606 I   0.99872 0.00128 0.00000 ( 1)  0.105  0.000
 607 I   0.99884 0.00116 0.00000 ( 1)  0.105  0.000
 608 L   0.94379 0.05620 0.00001 ( 1)  0.154  0.000
 609 S   0.40984 0.58958 0.00058 ( 2)  0.634  0.001
 610 T   0.01416 0.98308 0.00276 ( 2)  0.993  0.003
 611 V   0.30559 0.69373 0.00068 ( 2)  0.728  0.001
 612 L   0.98943 0.01057 0.00000 ( 1)  0.114  0.000
 613 H   0.17192 0.82593 0.00215 ( 2)  0.850  0.002
 614 D   0.02273 0.97449 0.00278 ( 2)  0.985  0.003
 615 F   0.43784 0.56089 0.00127 ( 2)  0.610  0.001
 616 G   0.99827 0.00173 0.00000 ( 1)  0.106  0.000
 617 N   0.00643 0.98951 0.00405 ( 2)  1.003  0.004
 618 Y   0.01433 0.98011 0.00556 ( 2)  0.999  0.006
 619 L   0.50065 0.49858 0.00077 ( 1)  0.553  0.001
 620 Q   0.82457 0.17535 0.00008 ( 1)  0.261  0.000
 621 T   0.11937 0.87857 0.00206 ( 2)  0.897  0.002
 622 S   0.00002 0.59945 0.40053 ( 2)  1.839  0.401
 623 M   0.99986 0.00014 0.00000 ( 1)  0.104  0.000
 624 L   0.98461 0.01539 0.00001 ( 1)  0.118  0.000
 625 H   0.97738 0.02262 0.00000 ( 1)  0.124  0.000
 626 L   0.98715 0.01285 0.00000 ( 1)  0.116  0.000
 627 L   0.98258 0.01741 0.00001 ( 1)  0.120  0.000
 628 Q   0.99651 0.00349 0.00000 ( 1)  0.107  0.000
 629 G   0.61694 0.38290 0.00016 ( 1)  0.448  0.000
 630 K   0.59117 0.40844 0.00038 ( 1)  0.471  0.000
 631 E   0.47253 0.52723 0.00023 ( 2)  0.577  0.000
 632 E   0.00242 0.88120 0.11638 ( 2)  1.242  0.116
 633 I   0.01140 0.98370 0.00490 ( 2)  1.000  0.005
 634 N   0.12036 0.87848 0.00116 ( 2)  0.895  0.001
 635 Y   0.01867 0.96450 0.01683 ( 2)  1.019  0.017
 636 L   0.76025 0.23958 0.00017 ( 1)  0.319  0.000
 637 L   0.98902 0.01098 0.00000 ( 1)  0.114  0.000
 638 Q   0.02381 0.96300 0.01319 ( 2)  1.006  0.013
 639 E   0.99942 0.00058 0.00000 ( 1)  0.105  0.000
 640 D   0.02089 0.97518 0.00393 ( 2)  0.990  0.004
 641 H   0.02446 0.97200 0.00354 ( 2)  0.986  0.004
 642 E   0.99553 0.00447 0.00000 ( 1)  0.108  0.000
 643 A   0.71926 0.28065 0.00009 ( 1)  0.356  0.000
 644 A   0.01996 0.97887 0.00117 ( 2)  0.985  0.001
 645 N   0.63901 0.36090 0.00009 ( 1)  0.428  0.000
 646 Q   0.85984 0.14009 0.00007 ( 1)  0.230  0.000
 647 Q   0.70927 0.29050 0.00023 ( 1)  0.365  0.000
 648 K   0.98833 0.01167 0.00000 ( 1)  0.115  0.000
 649 L   0.69786 0.30201 0.00013 ( 1)  0.375  0.000
 650 L   0.98997 0.01002 0.00000 ( 1)  0.113  0.000
 651 T   0.65966 0.34021 0.00012 ( 1)  0.409  0.000
 652 S   0.19277 0.80675 0.00048 ( 2)  0.828  0.000
 653 R   0.98916 0.01084 0.00000 ( 1)  0.114  0.000
 654 I   0.39187 0.60684 0.00129 ( 2)  0.652  0.001
 655 S   0.00000 0.64600 0.35400 ( 2)  1.741  0.354
 656 H   0.86791 0.13199 0.00010 ( 1)  0.223  0.000
 657 L   0.99079 0.00921 0.00000 ( 1)  0.112  0.000
 658 N   0.00124 0.98029 0.01847 ( 2)  1.038  0.018
 659 K   0.17160 0.82571 0.00269 ( 2)  0.852  0.003
 660 A   0.99318 0.00682 0.00000 ( 1)  0.110  0.000
 661 Y   0.07130 0.92761 0.00108 ( 2)  0.938  0.001
 662 Q   0.03359 0.95927 0.00714 ( 2)  0.985  0.007
 663 Y   0.02086 0.96906 0.01008 ( 2)  1.002  0.010
 664 L   0.98078 0.01919 0.00003 ( 1)  0.121  0.000
 665 V   0.11020 0.88879 0.00101 ( 2)  0.903  0.001
 666 D   0.68205 0.31780 0.00015 ( 1)  0.389  0.000
 667 F   0.99538 0.00462 0.00000 ( 1)  0.108  0.000
 668 K   0.00107 0.97784 0.02109 ( 2)  1.043  0.021
 669 S   0.00742 0.98508 0.00750 ( 2)  1.009  0.007

Positively selected sites

	Prob(w>1)  mean w

     3 -      0.872         2.825
     6 -      0.608         2.272
     9 P      0.552         2.156
    17 E      0.834         2.746
   208 G      0.572         2.197
   330 D      0.958*        3.005
   363 Q      0.808         2.692
   389 Q      0.585         2.224
   396 S      0.936         2.960
   418 K      0.657         2.375
   433 C      0.818         2.713
   485 E      0.575         2.203
   492 N      0.632         2.323
   514 D      0.823         2.723
   565 -      0.826         2.730
   570 C      0.766         2.604
   571 A      0.959*        3.008
   576 Q      0.715         2.497
   577 C      0.625         2.308
   579 S      0.562         2.176


lnL = -12515.037921

Bayes Empirical Bayes (BEB) probabilities for 3 classes (class) & postmean_w
(amino acids refer to 1st sequence: Chicken)

   1 M   0.99893 0.00107 0.00000 ( 1)  0.151 +-  0.028
   2 -   0.47170 0.51679 0.01150 ( 2)  0.617 +-  0.472
   3 -   0.00001 0.11590 0.88410 ( 3)  2.638 +-  0.776
   4 -   0.15306 0.77237 0.07458 ( 2)  0.990 +-  0.558
   5 -   0.00028 0.50332 0.49640 ( 2)  1.869 +-  0.936
   6 -   0.00010 0.33636 0.66354 ( 3)  2.213 +-  0.963
   7 -   0.00078 0.66400 0.33522 ( 2)  1.569 +-  0.840
   8 A   0.14075 0.84222 0.01703 ( 2)  0.907 +-  0.369
   9 P   0.00015 0.37843 0.62143 ( 3)  2.119 +-  0.960
  10 E   0.89488 0.10415 0.00096 ( 1)  0.241 +-  0.270
  11 L   0.00093 0.58895 0.41012 ( 2)  1.716 +-  0.912
  12 T   0.45942 0.53247 0.00810 ( 2)  0.622 +-  0.457
  13 D   0.00182 0.70270 0.29549 ( 2)  1.494 +-  0.798
  14 R   0.00092 0.62905 0.37003 ( 2)  1.636 +-  0.876
  15 K   0.00350 0.60400 0.39250 ( 2)  1.688 +-  0.915
  16 P   0.01953 0.87188 0.10859 ( 2)  1.158 +-  0.531
  17 E   0.00000 0.14079 0.85920 ( 3)  2.579 +-  0.803
  18 H   0.03178 0.83258 0.13565 ( 2)  1.198 +-  0.616
  19 E   0.40007 0.58630 0.01364 ( 2)  0.682 +-  0.473
  20 Q   0.11442 0.81186 0.07372 ( 2)  1.022 +-  0.534
  21 K   0.07040 0.79409 0.13551 ( 2)  1.164 +-  0.642
  22 V   0.51251 0.47702 0.01047 ( 1)  0.581 +-  0.470
  23 S   0.06761 0.91686 0.01552 ( 2)  0.966 +-  0.291
  24 K   0.04903 0.91413 0.03684 ( 2)  1.016 +-  0.355
  25 R   0.00022 0.66425 0.33553 ( 2)  1.573 +-  0.845
  26 L   0.00159 0.69867 0.29975 ( 2)  1.506 +-  0.810
  27 N   0.02406 0.90318 0.07276 ( 2)  1.097 +-  0.455
  28 D   0.00087 0.75742 0.24171 ( 2)  1.405 +-  0.746
  29 R   0.01793 0.87509 0.10697 ( 2)  1.159 +-  0.534
  30 E   0.97660 0.02321 0.00019 ( 1)  0.170 +-  0.132
  31 E   0.77128 0.22695 0.00178 ( 1)  0.347 +-  0.368
  32 D   0.00001 0.43047 0.56952 ( 3)  2.005 +-  0.945
  33 K   0.00110 0.80604 0.19286 ( 2)  1.319 +-  0.678
  34 D   0.00187 0.71695 0.28118 ( 2)  1.473 +-  0.792
  35 E   0.02460 0.93343 0.04197 ( 2)  1.045 +-  0.352
  36 A   0.05756 0.90742 0.03502 ( 2)  1.006 +-  0.360
  37 A   0.00175 0.64958 0.34867 ( 2)  1.595 +-  0.857
  38 A   0.13269 0.84845 0.01886 ( 2)  0.916 +-  0.367
  39 C   0.00426 0.93040 0.06533 ( 2)  1.099 +-  0.401
  40 S   0.77518 0.22426 0.00057 ( 1)  0.342 +-  0.358
  41 L   0.98815 0.01184 0.00002 ( 1)  0.160 +-  0.092
  42 D   0.29694 0.69780 0.00527 ( 2)  0.756 +-  0.409
  43 N   0.94514 0.05481 0.00005 ( 1)  0.197 +-  0.194
  44 Q   0.97020 0.02975 0.00006 ( 1)  0.175 +-  0.145
  45 Y   0.99007 0.00993 0.00001 ( 1)  0.158 +-  0.084
  46 D   0.99535 0.00465 0.00000 ( 1)  0.154 +-  0.058
  47 R   0.95518 0.04476 0.00006 ( 1)  0.188 +-  0.177
  48 K   0.99935 0.00065 0.00000 ( 1)  0.151 +-  0.022
  49 I   0.98628 0.01371 0.00001 ( 1)  0.162 +-  0.099
  50 Q   0.95027 0.04964 0.00009 ( 1)  0.192 +-  0.186
  51 P   0.98984 0.01016 0.00001 ( 1)  0.159 +-  0.085
  52 C   0.98956 0.01043 0.00000 ( 1)  0.159 +-  0.087
  53 I   0.99748 0.00252 0.00000 ( 1)  0.152 +-  0.043
  54 D   0.99934 0.00066 0.00000 ( 1)  0.151 +-  0.022
  55 L   0.99303 0.00696 0.00001 ( 1)  0.156 +-  0.071
  56 V   0.98557 0.01442 0.00001 ( 1)  0.162 +-  0.102
  57 D   0.99946 0.00054 0.00000 ( 1)  0.150 +-  0.020
  58 S   0.18981 0.80099 0.00919 ( 2)  0.853 +-  0.370
  59 L   0.98947 0.01051 0.00002 ( 1)  0.159 +-  0.087
  60 R   0.99099 0.00899 0.00002 ( 1)  0.158 +-  0.081
  61 K   0.29449 0.69175 0.01376 ( 2)  0.771 +-  0.441
  62 L   0.98834 0.01164 0.00002 ( 1)  0.160 +-  0.092
  63 D   0.93631 0.06351 0.00018 ( 1)  0.204 +-  0.210
  64 I   0.98571 0.01428 0.00001 ( 1)  0.162 +-  0.101
  65 G   0.99294 0.00706 0.00000 ( 1)  0.156 +-  0.071
  66 N   0.87741 0.12235 0.00024 ( 1)  0.255 +-  0.281
  67 D   0.99946 0.00054 0.00000 ( 1)  0.150 +-  0.020
  68 L   0.99012 0.00987 0.00001 ( 1)  0.158 +-  0.084
  69 M   0.34050 0.65368 0.00582 ( 2)  0.719 +-  0.425
  70 L   0.98809 0.01190 0.00002 ( 1)  0.160 +-  0.093
  71 P   0.98606 0.01393 0.00001 ( 1)  0.162 +-  0.100
  72 A   0.99658 0.00342 0.00000 ( 1)  0.153 +-  0.050
  73 I   0.99843 0.00157 0.00000 ( 1)  0.151 +-  0.034
  74 A   0.99371 0.00628 0.00000 ( 1)  0.155 +-  0.067
  75 V   0.99713 0.00287 0.00000 ( 1)  0.152 +-  0.046
  76 I   0.99784 0.00216 0.00000 ( 1)  0.152 +-  0.040
  77 G   0.99808 0.00191 0.00000 ( 1)  0.152 +-  0.037
  78 D   0.99946 0.00054 0.00000 ( 1)  0.150 +-  0.020
  79 R   0.97762 0.02237 0.00002 ( 1)  0.169 +-  0.126
  80 N   0.99198 0.00802 0.00000 ( 1)  0.157 +-  0.076
  81 S   0.97472 0.02523 0.00005 ( 1)  0.172 +-  0.134
  82 G   0.99853 0.00147 0.00000 ( 1)  0.151 +-  0.033
  83 K   0.99925 0.00074 0.00000 ( 1)  0.151 +-  0.023
  84 S   0.99926 0.00074 0.00000 ( 1)  0.151 +-  0.023
  85 S   0.96757 0.03236 0.00008 ( 1)  0.178 +-  0.152
  86 V   0.96568 0.03427 0.00005 ( 1)  0.179 +-  0.156
  87 L   0.98935 0.01063 0.00002 ( 1)  0.159 +-  0.088
  88 E   0.99898 0.00102 0.00000 ( 1)  0.151 +-  0.027
  89 A   0.99454 0.00545 0.00000 ( 1)  0.155 +-  0.063
  90 L   0.98900 0.01099 0.00002 ( 1)  0.159 +-  0.089
  91 S   0.96206 0.03783 0.00011 ( 1)  0.182 +-  0.164
  92 G   0.99389 0.00611 0.00000 ( 1)  0.155 +-  0.066
  93 V   0.99375 0.00624 0.00001 ( 1)  0.155 +-  0.067
  94 A   0.94970 0.05019 0.00010 ( 1)  0.193 +-  0.187
  95 L   0.98757 0.01242 0.00002 ( 1)  0.161 +-  0.095
  96 P   0.98984 0.01016 0.00001 ( 1)  0.159 +-  0.085
  97 R   0.99708 0.00292 0.00000 ( 1)  0.152 +-  0.046
  98 D   0.98925 0.01074 0.00000 ( 1)  0.159 +-  0.088
  99 K   0.88630 0.11356 0.00014 ( 1)  0.247 +-  0.271
 100 G   0.99340 0.00660 0.00000 ( 1)  0.156 +-  0.069
 101 V   0.97676 0.02321 0.00003 ( 1)  0.170 +-  0.129
 102 I   0.94965 0.05023 0.00013 ( 1)  0.193 +-  0.188
 103 T   0.99378 0.00621 0.00000 ( 1)  0.155 +-  0.067
 104 R   0.98992 0.01007 0.00001 ( 1)  0.159 +-  0.085
 105 C   0.97382 0.02614 0.00004 ( 1)  0.172 +-  0.136
 106 P   0.98243 0.01755 0.00003 ( 1)  0.165 +-  0.112
 107 L   0.98905 0.01093 0.00002 ( 1)  0.159 +-  0.089
 108 E   0.98552 0.01447 0.00001 ( 1)  0.162 +-  0.102
 109 L   0.98848 0.01150 0.00002 ( 1)  0.160 +-  0.091
 110 K   0.98715 0.01283 0.00002 ( 1)  0.161 +-  0.096
 111 L   0.98745 0.01253 0.00002 ( 1)  0.161 +-  0.095
 112 K   0.98991 0.01008 0.00001 ( 1)  0.159 +-  0.085
 113 K   0.98358 0.01639 0.00003 ( 1)  0.164 +-  0.109
 114 M   0.73649 0.26213 0.00139 ( 1)  0.376 +-  0.382
 115 T   0.00012 0.60795 0.39193 ( 2)  1.673 +-  0.883
 116 A   0.00262 0.92005 0.07734 ( 2)  1.120 +-  0.433
 117 -   0.65518 0.28943 0.05538 ( 1)  0.539 +-  0.662
 118 P   0.06410 0.92151 0.01439 ( 2)  0.967 +-  0.282
 119 Q   0.48213 0.51537 0.00250 ( 2)  0.594 +-  0.435
 120 E   0.92510 0.07461 0.00029 ( 1)  0.214 +-  0.227
 121 W   0.97698 0.02300 0.00003 ( 1)  0.170 +-  0.128
 122 K   0.48836 0.50906 0.00258 ( 2)  0.589 +-  0.436
 123 G   0.99824 0.00176 0.00000 ( 1)  0.151 +-  0.036
 124 V   0.88764 0.11203 0.00032 ( 1)  0.246 +-  0.271
 125 I   0.98435 0.01564 0.00001 ( 1)  0.163 +-  0.106
 126 Y   0.00155 0.85778 0.14067 ( 2)  1.221 +-  0.562
 127 Y   0.97629 0.02369 0.00002 ( 1)  0.170 +-  0.130
 128 R   0.00113 0.89078 0.10809 ( 2)  1.170 +-  0.503
 129 N   0.99686 0.00313 0.00000 ( 1)  0.153 +-  0.048
 130 T   0.00007 0.47297 0.52696 ( 3)  1.934 +-  0.952
 131 E   0.36635 0.63029 0.00336 ( 2)  0.694 +-  0.423
 132 I   0.02091 0.92492 0.05417 ( 2)  1.067 +-  0.383
 133 Q   0.92893 0.07094 0.00013 ( 1)  0.211 +-  0.220
 134 L   0.25713 0.72848 0.01439 ( 2)  0.804 +-  0.428
 135 Q   0.01440 0.85909 0.12651 ( 2)  1.192 +-  0.562
 136 N   0.58933 0.40825 0.00242 ( 1)  0.503 +-  0.429
 137 A   0.57282 0.42076 0.00643 ( 1)  0.523 +-  0.450
 138 S   0.94853 0.05122 0.00025 ( 1)  0.194 +-  0.191
 139 E   0.57053 0.41747 0.01199 ( 1)  0.534 +-  0.475
 140 V   0.99715 0.00285 0.00000 ( 1)  0.152 +-  0.045
 141 K   0.98758 0.01241 0.00001 ( 1)  0.161 +-  0.094
 142 K   0.02121 0.93685 0.04194 ( 2)  1.048 +-  0.345
 143 A   0.64659 0.35150 0.00191 ( 1)  0.453 +-  0.416
 144 I   0.98586 0.01412 0.00002 ( 1)  0.162 +-  0.101
 145 R   0.60687 0.39194 0.00119 ( 1)  0.486 +-  0.421
 146 K   0.38764 0.60348 0.00888 ( 2)  0.684 +-  0.450
 147 A   0.98095 0.01903 0.00002 ( 1)  0.166 +-  0.117
 148 Q   0.99708 0.00292 0.00000 ( 1)  0.152 +-  0.046
 149 D   0.71735 0.28130 0.00135 ( 1)  0.392 +-  0.390
 150 I   0.00062 0.77643 0.22295 ( 2)  1.363 +-  0.699
 151 V   0.98152 0.01847 0.00001 ( 1)  0.166 +-  0.115
 152 A   0.99264 0.00736 0.00000 ( 1)  0.156 +-  0.073
 153 G   0.99825 0.00175 0.00000 ( 1)  0.151 +-  0.036
 154 T   0.43476 0.56229 0.00294 ( 2)  0.635 +-  0.433
 155 N   0.62381 0.37515 0.00104 ( 1)  0.471 +-  0.417
 156 G   0.00050 0.79654 0.20295 ( 2)  1.332 +-  0.680
 157 S   0.04498 0.94039 0.01463 ( 2)  0.984 +-  0.259
 158 I   0.99816 0.00184 0.00000 ( 1)  0.152 +-  0.036
 159 S   0.99665 0.00335 0.00000 ( 1)  0.153 +-  0.049
 160 G   0.00762 0.92774 0.06464 ( 2)  1.094 +-  0.397
 161 E   0.95041 0.04949 0.00010 ( 1)  0.192 +-  0.186
 162 L   0.97733 0.02261 0.00006 ( 1)  0.169 +-  0.128
 163 I   0.99696 0.00304 0.00000 ( 1)  0.153 +-  0.047
 164 S   0.33741 0.66047 0.00213 ( 2)  0.716 +-  0.410
 165 L   0.98668 0.01330 0.00002 ( 1)  0.161 +-  0.098
 166 E   0.99378 0.00621 0.00000 ( 1)  0.155 +-  0.067
 167 I   0.92082 0.07903 0.00015 ( 1)  0.218 +-  0.231
 168 W   0.85337 0.14648 0.00014 ( 1)  0.275 +-  0.302
 169 S   0.98364 0.01635 0.00002 ( 1)  0.164 +-  0.108
 170 P   0.86012 0.13900 0.00087 ( 1)  0.270 +-  0.302
 171 D   0.11250 0.87398 0.01352 ( 2)  0.925 +-  0.329
 172 V   0.99705 0.00295 0.00000 ( 1)  0.153 +-  0.046
 173 P   0.98078 0.01919 0.00003 ( 1)  0.166 +-  0.117
 174 D   0.99892 0.00108 0.00000 ( 1)  0.151 +-  0.028
 175 L   0.99012 0.00987 0.00001 ( 1)  0.158 +-  0.084
 176 T   0.99417 0.00583 0.00000 ( 1)  0.155 +-  0.065
 177 L   0.98465 0.01532 0.00003 ( 1)  0.163 +-  0.105
 178 I   0.99718 0.00281 0.00000 ( 1)  0.152 +-  0.045
 179 D   0.99934 0.00066 0.00000 ( 1)  0.151 +-  0.022
 180 L   0.98179 0.01817 0.00004 ( 1)  0.166 +-  0.114
 181 P   0.97767 0.02229 0.00004 ( 1)  0.169 +-  0.126
 182 G   0.99626 0.00374 0.00000 ( 1)  0.153 +-  0.052
 183 I   0.99798 0.00202 0.00000 ( 1)  0.152 +-  0.038
 184 A   0.98481 0.01519 0.00001 ( 1)  0.163 +-  0.104
 185 R   0.99787 0.00213 0.00000 ( 1)  0.152 +-  0.039
 186 E   0.97825 0.02171 0.00004 ( 1)  0.169 +-  0.125
 187 A   0.99346 0.00653 0.00001 ( 1)  0.156 +-  0.069
 188 V   0.97291 0.02706 0.00003 ( 1)  0.173 +-  0.139
 189 G   0.96984 0.03013 0.00003 ( 1)  0.176 +-  0.146
 190 N   0.99001 0.00998 0.00001 ( 1)  0.159 +-  0.085
 191 Q   0.99743 0.00257 0.00000 ( 1)  0.152 +-  0.043
 192 P   0.97876 0.02120 0.00004 ( 1)  0.168 +-  0.123
 193 Q   0.00005 0.52827 0.47168 ( 2)  1.817 +-  0.919
 194 D   0.99939 0.00061 0.00000 ( 1)  0.151 +-  0.021
 195 N   0.97752 0.02243 0.00005 ( 1)  0.169 +-  0.127
 196 G   0.82801 0.17094 0.00105 ( 1)  0.298 +-  0.328
 197 Q   0.00365 0.85816 0.13818 ( 2)  1.218 +-  0.567
 198 Q   0.89568 0.10408 0.00024 ( 1)  0.239 +-  0.262
 199 I   0.99042 0.00958 0.00001 ( 1)  0.158 +-  0.083
 200 K   0.99925 0.00074 0.00000 ( 1)  0.151 +-  0.023
 201 T   0.00234 0.65293 0.34473 ( 2)  1.593 +-  0.864
 202 L   0.98754 0.01244 0.00002 ( 1)  0.161 +-  0.095
 203 L   0.98204 0.01794 0.00002 ( 1)  0.165 +-  0.113
 204 K   0.05330 0.92030 0.02641 ( 2)  0.996 +-  0.322
 205 K   0.93554 0.06425 0.00021 ( 1)  0.205 +-  0.211
 206 Y   0.61985 0.37727 0.00287 ( 1)  0.477 +-  0.426
 207 I   0.99836 0.00164 0.00000 ( 1)  0.151 +-  0.034
 208 G   0.00001 0.35081 0.64919 ( 3)  2.158 +-  0.938
 209 C   0.05233 0.93399 0.01368 ( 2)  0.976 +-  0.264
 210 K   0.97961 0.02037 0.00002 ( 1)  0.167 +-  0.120
 211 E   0.99940 0.00060 0.00000 ( 1)  0.151 +-  0.021
 212 T   0.99688 0.00312 0.00000 ( 1)  0.153 +-  0.047
 213 I   0.99874 0.00126 0.00000 ( 1)  0.151 +-  0.030
 214 I   0.94763 0.05223 0.00015 ( 1)  0.195 +-  0.191
 215 V   0.90305 0.09653 0.00042 ( 1)  0.233 +-  0.255
 216 V   0.99727 0.00273 0.00000 ( 1)  0.152 +-  0.044
 217 V   0.99773 0.00226 0.00000 ( 1)  0.152 +-  0.040
 218 V   0.99700 0.00300 0.00000 ( 1)  0.153 +-  0.047
 219 P   0.98977 0.01022 0.00001 ( 1)  0.159 +-  0.086
 220 C   0.02372 0.93064 0.04564 ( 2)  1.051 +-  0.357
 221 N   0.99911 0.00089 0.00000 ( 1)  0.151 +-  0.025
 222 V   0.99796 0.00204 0.00000 ( 1)  0.152 +-  0.038
 223 D   0.99934 0.00066 0.00000 ( 1)  0.151 +-  0.022
 224 I   0.99667 0.00333 0.00000 ( 1)  0.153 +-  0.049
 225 A   0.99624 0.00376 0.00000 ( 1)  0.153 +-  0.052
 226 T   0.99654 0.00346 0.00000 ( 1)  0.153 +-  0.050
 227 T   0.99233 0.00766 0.00000 ( 1)  0.157 +-  0.074
 228 E   0.99931 0.00069 0.00000 ( 1)  0.151 +-  0.022
 229 A   0.99666 0.00334 0.00000 ( 1)  0.153 +-  0.049
 230 L   0.99015 0.00984 0.00001 ( 1)  0.158 +-  0.084
 231 K   0.04796 0.93937 0.01267 ( 2)  0.979 +-  0.254
 232 M   0.99983 0.00017 0.00000 ( 1)  0.150 +-  0.011
 233 A   0.99214 0.00785 0.00001 ( 1)  0.157 +-  0.075
 234 Q   0.99652 0.00348 0.00000 ( 1)  0.153 +-  0.050
 235 E   0.99574 0.00425 0.00000 ( 1)  0.154 +-  0.055
 236 V   0.99796 0.00204 0.00000 ( 1)  0.152 +-  0.038
 237 D   0.99937 0.00063 0.00000 ( 1)  0.151 +-  0.021
 238 P   0.98571 0.01428 0.00001 ( 1)  0.162 +-  0.101
 239 T   0.02625 0.90403 0.06972 ( 2)  1.089 +-  0.444
 240 G   0.99436 0.00564 0.00000 ( 1)  0.155 +-  0.064
 241 E   0.99508 0.00492 0.00000 ( 1)  0.154 +-  0.060
 242 R   0.99920 0.00080 0.00000 ( 1)  0.151 +-  0.024
 243 T   0.99708 0.00291 0.00000 ( 1)  0.152 +-  0.046
 244 L   0.97064 0.02932 0.00004 ( 1)  0.175 +-  0.144
 245 G   0.99713 0.00287 0.00000 ( 1)  0.152 +-  0.046
 246 V   0.91798 0.08185 0.00017 ( 1)  0.220 +-  0.235
 247 L   0.97828 0.02164 0.00007 ( 1)  0.169 +-  0.125
 248 T   0.99516 0.00484 0.00000 ( 1)  0.154 +-  0.059
 249 K   0.99925 0.00074 0.00000 ( 1)  0.151 +-  0.023
 250 P   0.98149 0.01849 0.00003 ( 1)  0.166 +-  0.115
 251 D   0.99854 0.00146 0.00000 ( 1)  0.151 +-  0.032
 252 L   0.98892 0.01106 0.00001 ( 1)  0.159 +-  0.089
 253 V   0.99796 0.00204 0.00000 ( 1)  0.152 +-  0.038
 254 N   0.99593 0.00407 0.00000 ( 1)  0.153 +-  0.054
 255 E   0.07161 0.91065 0.01775 ( 2)  0.966 +-  0.305
 256 G   0.99628 0.00372 0.00000 ( 1)  0.153 +-  0.052
 257 T   0.93741 0.06245 0.00014 ( 1)  0.203 +-  0.207
 258 E   0.99792 0.00208 0.00000 ( 1)  0.152 +-  0.039
 259 E   0.77459 0.22467 0.00074 ( 1)  0.343 +-  0.360
 260 T   0.71263 0.28618 0.00119 ( 1)  0.396 +-  0.391
 261 V   0.69401 0.30351 0.00247 ( 1)  0.414 +-  0.405
 262 L   0.40260 0.59097 0.00643 ( 2)  0.668 +-  0.443
 263 K   0.71828 0.28120 0.00051 ( 1)  0.390 +-  0.385
 264 I   0.98571 0.01428 0.00001 ( 1)  0.162 +-  0.101
 265 I   0.06689 0.90511 0.02800 ( 2)  0.986 +-  0.342
 266 Q   0.70070 0.29785 0.00144 ( 1)  0.407 +-  0.397
 267 N   0.99938 0.00061 0.00000 ( 1)  0.151 +-  0.021
 268 E   0.71650 0.28218 0.00132 ( 1)  0.393 +-  0.390
 269 V   0.99731 0.00268 0.00000 ( 1)  0.152 +-  0.044
 270 I   0.05852 0.91602 0.02547 ( 2)  0.990 +-  0.323
 271 P   0.84412 0.15553 0.00035 ( 1)  0.283 +-  0.311
 272 L   0.99130 0.00869 0.00001 ( 1)  0.157 +-  0.079
 273 R   0.99525 0.00475 0.00000 ( 1)  0.154 +-  0.058
 274 K   0.99925 0.00074 0.00000 ( 1)  0.151 +-  0.023
 275 G   0.99808 0.00192 0.00000 ( 1)  0.152 +-  0.037
 276 Y   0.99694 0.00306 0.00000 ( 1)  0.153 +-  0.047
 277 M   0.99983 0.00017 0.00000 ( 1)  0.150 +-  0.011
 278 I   0.96694 0.03301 0.00005 ( 1)  0.178 +-  0.153
 279 V   0.99738 0.00262 0.00000 ( 1)  0.152 +-  0.044
 280 K   0.99932 0.00068 0.00000 ( 1)  0.151 +-  0.022
 281 C   0.98485 0.01514 0.00001 ( 1)  0.163 +-  0.104
 282 Y   0.65534 0.33785 0.00680 ( 1)  0.454 +-  0.439
 283 G   0.99672 0.00328 0.00000 ( 1)  0.153 +-  0.049
 284 Q   0.99652 0.00348 0.00000 ( 1)  0.153 +-  0.050
 285 M   0.73289 0.26619 0.00091 ( 1)  0.378 +-  0.381
 286 D   0.97452 0.02543 0.00004 ( 1)  0.172 +-  0.135
 287 F   0.98581 0.01418 0.00001 ( 1)  0.162 +-  0.101
 288 C   0.12466 0.86441 0.01093 ( 2)  0.911 +-  0.329
 289 N   0.39907 0.59524 0.00569 ( 2)  0.670 +-  0.440
 290 E   0.50058 0.49642 0.00300 ( 1)  0.579 +-  0.438
 291 L   0.65905 0.33741 0.00354 ( 1)  0.445 +-  0.421
 292 S   0.89444 0.10548 0.00008 ( 1)  0.240 +-  0.262
 293 F   0.92666 0.07312 0.00022 ( 1)  0.213 +-  0.224
 294 T   0.08003 0.88069 0.03928 ( 2)  0.994 +-  0.401
 295 S   0.26885 0.72466 0.00649 ( 2)  0.781 +-  0.402
 296 A   0.99561 0.00439 0.00000 ( 1)  0.154 +-  0.056
 297 I   0.63894 0.35754 0.00352 ( 1)  0.462 +-  0.426
 298 Q   0.96568 0.03429 0.00003 ( 1)  0.179 +-  0.155
 299 Q   0.44682 0.54597 0.00721 ( 2)  0.631 +-  0.452
 300 E   0.99940 0.00060 0.00000 ( 1)  0.151 +-  0.021
 301 R   0.09187 0.88957 0.01856 ( 2)  0.950 +-  0.330
 302 E   0.00049 0.71917 0.28034 ( 2)  1.466 +-  0.776
 303 F   0.99722 0.00278 0.00000 ( 1)  0.152 +-  0.045
 304 F   0.99345 0.00655 0.00000 ( 1)  0.156 +-  0.069
 305 E   0.96548 0.03447 0.00005 ( 1)  0.179 +-  0.156
 306 T   0.03168 0.94968 0.01864 ( 2)  1.002 +-  0.262
 307 H   0.99855 0.00145 0.00000 ( 1)  0.151 +-  0.032
 308 K   0.00319 0.81947 0.17734 ( 2)  1.286 +-  0.642
 309 H   0.00291 0.84968 0.14741 ( 2)  1.235 +-  0.587
 310 F   0.99722 0.00278 0.00000 ( 1)  0.152 +-  0.045
 311 S   0.95040 0.04957 0.00003 ( 1)  0.192 +-  0.185
 312 T   0.06005 0.90930 0.03066 ( 2)  0.997 +-  0.346
 313 L   0.98131 0.01865 0.00004 ( 1)  0.166 +-  0.116
 314 L   0.99022 0.00977 0.00001 ( 1)  0.158 +-  0.084
 315 D   0.99607 0.00392 0.00000 ( 1)  0.153 +-  0.053
 316 E   0.76564 0.23353 0.00083 ( 1)  0.350 +-  0.365
 317 N   0.85386 0.14598 0.00016 ( 1)  0.274 +-  0.301
 318 K   0.60621 0.39133 0.00245 ( 1)  0.489 +-  0.427
 319 A   0.99658 0.00342 0.00000 ( 1)  0.153 +-  0.050
 320 T   0.99394 0.00606 0.00000 ( 1)  0.155 +-  0.066
 321 I   0.51516 0.48065 0.00419 ( 1)  0.569 +-  0.443
 322 P   0.99057 0.00942 0.00001 ( 1)  0.158 +-  0.082
 323 H   0.06045 0.92293 0.01662 ( 2)  0.974 +-  0.287
 324 L   0.98939 0.01059 0.00002 ( 1)  0.159 +-  0.088
 325 A   0.99185 0.00814 0.00001 ( 1)  0.157 +-  0.077
 326 N   0.19557 0.79532 0.00912 ( 2)  0.848 +-  0.374
 327 K   0.71758 0.28095 0.00147 ( 1)  0.392 +-  0.391
 328 L   0.98963 0.01035 0.00002 ( 1)  0.159 +-  0.087
 329 T   0.99626 0.00374 0.00000 ( 1)  0.153 +-  0.052
 330 D   0.00000 0.04128 0.95872 ( 3)  2.776 +-  0.638
 331 E   0.99894 0.00106 0.00000 ( 1)  0.151 +-  0.028
 332 L   0.99167 0.00832 0.00001 ( 1)  0.157 +-  0.077
 333 V   0.90155 0.09831 0.00014 ( 1)  0.234 +-  0.254
 334 G   0.00980 0.88174 0.10846 ( 2)  1.167 +-  0.524
 335 R   0.98255 0.01744 0.00001 ( 1)  0.165 +-  0.112
 336 I   0.99818 0.00182 0.00000 ( 1)  0.152 +-  0.036
 337 I   0.41759 0.57267 0.00974 ( 2)  0.660 +-  0.458
 338 K   0.99783 0.00217 0.00000 ( 1)  0.152 +-  0.040
 339 T   0.58549 0.40773 0.00678 ( 1)  0.513 +-  0.450
 340 L   0.98809 0.01190 0.00002 ( 1)  0.160 +-  0.093
 341 P   0.98609 0.01390 0.00001 ( 1)  0.162 +-  0.100
 342 A   0.03331 0.93154 0.03514 ( 2)  1.026 +-  0.331
 343 I   0.88929 0.11010 0.00061 ( 1)  0.245 +-  0.272
 344 E   0.99827 0.00173 0.00000 ( 1)  0.151 +-  0.035
 345 K   0.48122 0.51604 0.00275 ( 2)  0.595 +-  0.436
 346 Q   0.99209 0.00790 0.00001 ( 1)  0.157 +-  0.076
 347 V   0.98884 0.01115 0.00001 ( 1)  0.159 +-  0.089
 348 H   0.07551 0.91211 0.01239 ( 2)  0.955 +-  0.287
 349 D   0.10481 0.86839 0.02679 ( 2)  0.953 +-  0.376
 350 A   0.00011 0.78307 0.21682 ( 2)  1.348 +-  0.678
 351 L   0.94359 0.05633 0.00007 ( 1)  0.198 +-  0.197
 352 Q   0.97683 0.02315 0.00002 ( 1)  0.170 +-  0.128
 353 Q   0.00020 0.72761 0.27218 ( 2)  1.448 +-  0.758
 354 A   0.07758 0.90432 0.01810 ( 2)  0.962 +-  0.312
 355 K   0.01888 0.92422 0.05690 ( 2)  1.073 +-  0.388
 356 K   0.97369 0.02629 0.00002 ( 1)  0.172 +-  0.136
 357 E   0.99925 0.00075 0.00000 ( 1)  0.151 +-  0.023
 358 L   0.97045 0.02939 0.00016 ( 1)  0.175 +-  0.147
 359 Q   0.99473 0.00526 0.00000 ( 1)  0.154 +-  0.062
 360 K   0.99941 0.00059 0.00000 ( 1)  0.151 +-  0.021
 361 Y   0.99567 0.00432 0.00000 ( 1)  0.154 +-  0.056
 362 T   0.70284 0.29594 0.00123 ( 1)  0.404 +-  0.395
 363 Q   0.00000 0.16085 0.83915 ( 3)  2.536 +-  0.824
 364 S   0.96633 0.03365 0.00002 ( 1)  0.179 +-  0.154
 365 T   0.36995 0.62464 0.00541 ( 2)  0.694 +-  0.432
 366 H   0.90045 0.09900 0.00055 ( 1)  0.235 +-  0.260
 367 P   0.46999 0.52788 0.00212 ( 2)  0.604 +-  0.433
 368 T   0.14217 0.85005 0.00777 ( 2)  0.891 +-  0.331
 369 V   0.80361 0.19541 0.00098 ( 1)  0.318 +-  0.344
 370 S   0.00269 0.82035 0.17696 ( 2)  1.284 +-  0.636
 371 D   0.20999 0.77423 0.01578 ( 2)  0.846 +-  0.409
 372 K   0.98911 0.01088 0.00001 ( 1)  0.159 +-  0.089
 373 T   0.76191 0.23721 0.00088 ( 1)  0.354 +-  0.367
 374 I   0.03059 0.93810 0.03131 ( 2)  1.022 +-  0.311
 375 F   0.75313 0.24581 0.00106 ( 1)  0.361 +-  0.373
 376 L   0.99020 0.00979 0.00001 ( 1)  0.158 +-  0.084
 377 V   0.07954 0.91231 0.00815 ( 2)  0.945 +-  0.271
 378 G   0.31674 0.67788 0.00538 ( 2)  0.739 +-  0.416
 379 L   0.81017 0.18947 0.00036 ( 1)  0.312 +-  0.336
 380 I   0.79539 0.20286 0.00176 ( 1)  0.327 +-  0.354
 381 K   0.61896 0.37826 0.00278 ( 1)  0.478 +-  0.426
 382 A   0.01653 0.90357 0.07990 ( 2)  1.112 +-  0.452
 383 F   0.99150 0.00849 0.00000 ( 1)  0.157 +-  0.078
 384 N   0.99845 0.00155 0.00000 ( 1)  0.151 +-  0.033
 385 E   0.00115 0.76723 0.23162 ( 2)  1.385 +-  0.729
 386 D   0.94210 0.05773 0.00017 ( 1)  0.199 +-  0.201
 387 I   0.98056 0.01942 0.00001 ( 1)  0.167 +-  0.118
 388 S   0.00008 0.52221 0.47771 ( 2)  1.821 +-  0.910
 389 Q   0.00001 0.33896 0.66103 ( 3)  2.173 +-  0.927
 390 T   0.00104 0.57093 0.42803 ( 2)  1.738 +-  0.903
 391 M   0.68322 0.31525 0.00153 ( 1)  0.422 +-  0.403
 392 H   0.02175 0.92890 0.04935 ( 2)  1.058 +-  0.365
 393 G   0.95234 0.04759 0.00008 ( 1)  0.191 +-  0.182
 394 K   0.94086 0.05904 0.00010 ( 1)  0.200 +-  0.202
 395 E   0.99795 0.00205 0.00000 ( 1)  0.152 +-  0.038
 396 S   0.00000 0.05918 0.94082 ( 3)  2.742 +-  0.676
 397 W   0.25821 0.73085 0.01093 ( 2)  0.797 +-  0.415
 398 F   0.00093 0.80858 0.19049 ( 2)  1.306 +-  0.649
 399 G   0.17896 0.80618 0.01486 ( 2)  0.871 +-  0.387
 400 N   0.02608 0.89762 0.07630 ( 2)  1.101 +-  0.467
 401 E   0.63143 0.36671 0.00186 ( 1)  0.466 +-  0.419
 402 I   0.15123 0.83539 0.01338 ( 2)  0.892 +-  0.362
 403 R   0.99029 0.00970 0.00002 ( 1)  0.158 +-  0.084
 404 L   0.98859 0.01139 0.00002 ( 1)  0.160 +-  0.091
 405 F   0.99060 0.00940 0.00001 ( 1)  0.158 +-  0.082
 406 P   0.84279 0.15685 0.00036 ( 1)  0.284 +-  0.312
 407 K   0.98371 0.01626 0.00003 ( 1)  0.164 +-  0.108
 408 I   0.01796 0.85354 0.12851 ( 2)  1.193 +-  0.574
 409 R   0.97946 0.02048 0.00006 ( 1)  0.168 +-  0.122
 410 R   0.00382 0.89318 0.10300 ( 2)  1.163 +-  0.506
 411 E   0.99929 0.00071 0.00000 ( 1)  0.151 +-  0.023
 412 F   0.99394 0.00606 0.00000 ( 1)  0.155 +-  0.066
 413 R   0.00111 0.75424 0.24465 ( 2)  1.405 +-  0.739
 414 T   0.13839 0.82884 0.03277 ( 2)  0.933 +-  0.420
 415 W   0.97698 0.02300 0.00003 ( 1)  0.170 +-  0.128
 416 G   0.04533 0.93318 0.02149 ( 2)  0.994 +-  0.290
 417 V   0.00040 0.65038 0.34921 ( 2)  1.589 +-  0.841
 418 K   0.00002 0.28310 0.71688 ( 3)  2.289 +-  0.914
 419 L   0.73239 0.26612 0.00149 ( 1)  0.380 +-  0.385
 420 L   0.88861 0.11122 0.00017 ( 1)  0.245 +-  0.269
 421 E   0.89038 0.10929 0.00033 ( 1)  0.244 +-  0.268
 422 S   0.13313 0.84964 0.01723 ( 2)  0.913 +-  0.361
 423 S   0.16932 0.81789 0.01280 ( 2)  0.876 +-  0.370
 424 A   0.00676 0.94969 0.04355 ( 2)  1.062 +-  0.328
 425 K   0.58235 0.41250 0.00515 ( 1)  0.513 +-  0.443
 426 -   0.65518 0.28943 0.05538 ( 1)  0.539 +-  0.662
 427 -   0.65518 0.28943 0.05538 ( 1)  0.539 +-  0.662
 428 V   0.66730 0.33114 0.00156 ( 1)  0.435 +-  0.408
 429 E   0.00077 0.81042 0.18881 ( 2)  1.304 +-  0.649
 430 E   0.00023 0.57540 0.42437 ( 2)  1.725 +-  0.890
 431 I   0.00115 0.88032 0.11852 ( 2)  1.189 +-  0.530
 432 V   0.00404 0.88185 0.11411 ( 2)  1.180 +-  0.527
 433 C   0.00000 0.15553 0.84447 ( 3)  2.550 +-  0.820
 434 S   0.33014 0.66570 0.00416 ( 2)  0.726 +-  0.416
 435 K   0.08761 0.88586 0.02652 ( 2)  0.967 +-  0.358
 436 L   0.80169 0.19730 0.00101 ( 1)  0.320 +-  0.346
 437 P   0.00013 0.67270 0.32718 ( 2)  1.546 +-  0.815
 438 K   0.26498 0.70853 0.02649 ( 2)  0.817 +-  0.476
 439 Y   0.92222 0.07763 0.00016 ( 1)  0.216 +-  0.229
 440 E   0.99783 0.00217 0.00000 ( 1)  0.152 +-  0.040
 441 D   0.94314 0.05676 0.00010 ( 1)  0.198 +-  0.198
 442 Q   0.35640 0.63387 0.00973 ( 2)  0.712 +-  0.445
 443 Y   0.99257 0.00743 0.00001 ( 1)  0.156 +-  0.073
 444 R   0.96880 0.03107 0.00013 ( 1)  0.177 +-  0.150
 445 G   0.99679 0.00321 0.00000 ( 1)  0.153 +-  0.048
 446 R   0.99213 0.00786 0.00001 ( 1)  0.157 +-  0.076
 447 E   0.99526 0.00473 0.00000 ( 1)  0.154 +-  0.059
 448 F   0.93552 0.06430 0.00017 ( 1)  0.205 +-  0.211
 449 P   0.97884 0.02112 0.00004 ( 1)  0.168 +-  0.123
 450 D   0.98759 0.01240 0.00001 ( 1)  0.161 +-  0.094
 451 F   0.99080 0.00920 0.00001 ( 1)  0.158 +-  0.081
 452 I   0.98628 0.01371 0.00001 ( 1)  0.162 +-  0.099
 453 S   0.93094 0.06896 0.00010 ( 1)  0.209 +-  0.217
 454 Y   0.99707 0.00293 0.00000 ( 1)  0.152 +-  0.046
 455 W   0.79077 0.20860 0.00063 ( 1)  0.329 +-  0.350
 456 T   0.95058 0.04930 0.00012 ( 1)  0.192 +-  0.186
 457 F   0.99018 0.00982 0.00001 ( 1)  0.158 +-  0.084
 458 E   0.99916 0.00084 0.00000 ( 1)  0.151 +-  0.025
 459 D   0.01430 0.93831 0.04739 ( 2)  1.062 +-  0.356
 460 I   0.99780 0.00220 0.00000 ( 1)  0.152 +-  0.040
 461 I   0.98716 0.01281 0.00002 ( 1)  0.161 +-  0.096
 462 K   0.99807 0.00193 0.00000 ( 1)  0.152 +-  0.037
 463 E   0.77101 0.22794 0.00105 ( 1)  0.346 +-  0.364
 464 Q   0.71760 0.28039 0.00200 ( 1)  0.393 +-  0.394
 465 I   0.85500 0.14454 0.00046 ( 1)  0.274 +-  0.303
 466 T   0.00066 0.74024 0.25910 ( 2)  1.430 +-  0.755
 467 K   0.00700 0.91388 0.07912 ( 2)  1.120 +-  0.444
 468 L   0.98834 0.01165 0.00002 ( 1)  0.160 +-  0.092
 469 E   0.99827 0.00173 0.00000 ( 1)  0.151 +-  0.035
 470 E   0.99931 0.00069 0.00000 ( 1)  0.151 +-  0.022
 471 P   0.87831 0.12114 0.00056 ( 1)  0.254 +-  0.282
 472 A   0.99090 0.00909 0.00001 ( 1)  0.158 +-  0.081
 473 V   0.69557 0.30219 0.00224 ( 1)  0.412 +-  0.403
 474 A   0.13366 0.85803 0.00831 ( 2)  0.899 +-  0.326
 475 M   0.99698 0.00301 0.00000 ( 1)  0.153 +-  0.047
 476 L   0.98911 0.01087 0.00002 ( 1)  0.159 +-  0.089
 477 N   0.91911 0.08074 0.00015 ( 1)  0.219 +-  0.233
 478 K   0.49212 0.50558 0.00229 ( 2)  0.585 +-  0.435
 479 V   0.97126 0.02865 0.00009 ( 1)  0.175 +-  0.144
 480 I   0.96966 0.03030 0.00004 ( 1)  0.176 +-  0.146
 481 Y   0.00044 0.81677 0.18278 ( 2)  1.294 +-  0.639
 482 M   0.68300 0.31520 0.00181 ( 1)  0.422 +-  0.405
 483 V   0.97465 0.02531 0.00005 ( 1)  0.172 +-  0.134
 484 E   0.22691 0.75446 0.01863 ( 2)  0.836 +-  0.428
 485 E   0.00002 0.35511 0.64487 ( 3)  2.158 +-  0.948
 486 K   0.32919 0.66794 0.00286 ( 2)  0.725 +-  0.411
 487 F   0.99553 0.00447 0.00000 ( 1)  0.154 +-  0.057
 488 L   0.00047 0.74560 0.25393 ( 2)  1.417 +-  0.738
 489 Q   0.10617 0.88144 0.01238 ( 2)  0.929 +-  0.318
 490 L   0.20586 0.77669 0.01745 ( 2)  0.852 +-  0.412
 491 A   0.06942 0.84536 0.08522 ( 2)  1.077 +-  0.521
 492 N   0.00007 0.31278 0.68715 ( 3)  2.247 +-  0.943
 493 K   0.13751 0.81322 0.04927 ( 2)  0.962 +-  0.480
 494 R   0.09733 0.88831 0.01436 ( 2)  0.939 +-  0.318
 495 F   0.98980 0.01020 0.00001 ( 1)  0.159 +-  0.086
 496 A   0.01052 0.93909 0.05039 ( 2)  1.069 +-  0.358
 497 N   0.89150 0.10836 0.00014 ( 1)  0.242 +-  0.266
 498 F   0.93405 0.06585 0.00010 ( 1)  0.206 +-  0.212
 499 Q   0.03905 0.92363 0.03732 ( 2)  1.024 +-  0.344
 500 N   0.99938 0.00061 0.00000 ( 1)  0.151 +-  0.021
 501 L   0.98046 0.01950 0.00004 ( 1)  0.167 +-  0.118
 502 N   0.12341 0.85912 0.01748 ( 2)  0.922 +-  0.355
 503 N   0.07915 0.90028 0.02057 ( 2)  0.965 +-  0.327
 504 A   0.94459 0.05533 0.00008 ( 1)  0.197 +-  0.195
 505 A   0.85136 0.14828 0.00036 ( 1)  0.277 +-  0.305
 506 Q   0.99477 0.00523 0.00000 ( 1)  0.154 +-  0.061
 507 A   0.67193 0.32652 0.00155 ( 1)  0.431 +-  0.407
 508 R   0.97949 0.02049 0.00002 ( 1)  0.167 +-  0.121
 509 I   0.99659 0.00340 0.00000 ( 1)  0.153 +-  0.050
 510 G   0.58024 0.41799 0.00177 ( 1)  0.509 +-  0.427
 511 C   0.25034 0.74240 0.00727 ( 2)  0.798 +-  0.397
 512 I   0.99612 0.00388 0.00000 ( 1)  0.153 +-  0.053
 513 S   0.37488 0.61994 0.00518 ( 2)  0.689 +-  0.432
 514 D   0.00000 0.15040 0.84960 ( 3)  2.559 +-  0.813
 515 R   0.00984 0.95573 0.03443 ( 2)  1.045 +-  0.298
 516 Q   0.94221 0.05763 0.00015 ( 1)  0.199 +-  0.200
 517 A   0.98111 0.01888 0.00001 ( 1)  0.166 +-  0.116
 518 T   0.18820 0.79988 0.01192 ( 2)  0.858 +-  0.381
 519 T   0.67722 0.32199 0.00078 ( 1)  0.426 +-  0.401
 520 A   0.94656 0.05332 0.00012 ( 1)  0.196 +-  0.193
 521 K   0.99212 0.00787 0.00000 ( 1)  0.157 +-  0.075
 522 N   0.78090 0.21826 0.00084 ( 1)  0.338 +-  0.357
 523 C   0.00025 0.57944 0.42031 ( 2)  1.711 +-  0.878
 524 I   0.99874 0.00126 0.00000 ( 1)  0.151 +-  0.030
 525 L   0.85767 0.14132 0.00101 ( 1)  0.273 +-  0.305
 526 T   0.22597 0.76171 0.01233 ( 2)  0.827 +-  0.404
 527 Q   0.98807 0.01193 0.00001 ( 1)  0.160 +-  0.092
 528 F   0.99553 0.00447 0.00000 ( 1)  0.154 +-  0.057
 529 K   0.96879 0.03117 0.00005 ( 1)  0.177 +-  0.149
 530 M   0.99983 0.00017 0.00000 ( 1)  0.150 +-  0.011
 531 E   0.99917 0.00083 0.00000 ( 1)  0.151 +-  0.025
 532 R   0.65353 0.34549 0.00097 ( 1)  0.446 +-  0.409
 533 I   0.88044 0.11897 0.00059 ( 1)  0.253 +-  0.281
 534 I   0.97530 0.02466 0.00004 ( 1)  0.171 +-  0.133
 535 Y   0.99739 0.00261 0.00000 ( 1)  0.152 +-  0.043
 536 C   0.98991 0.01009 0.00000 ( 1)  0.159 +-  0.085
 537 Q   0.99689 0.00311 0.00000 ( 1)  0.153 +-  0.047
 538 D   0.99934 0.00066 0.00000 ( 1)  0.151 +-  0.022
 539 N   0.66661 0.33256 0.00083 ( 1)  0.435 +-  0.405
 540 I   0.87753 0.12204 0.00043 ( 1)  0.255 +-  0.282
 541 Y   0.99688 0.00312 0.00000 ( 1)  0.153 +-  0.047
 542 A   0.00244 0.84424 0.15332 ( 2)  1.245 +-  0.597
 543 D   0.00878 0.85439 0.13683 ( 2)  1.217 +-  0.589
 544 D   0.83328 0.16615 0.00056 ( 1)  0.293 +-  0.321
 545 L   0.97530 0.02464 0.00006 ( 1)  0.171 +-  0.133
 546 K   0.09856 0.87809 0.02335 ( 2)  0.952 +-  0.355
 547 A   0.00016 0.70224 0.29760 ( 2)  1.492 +-  0.785
 548 A   0.51766 0.48082 0.00152 ( 1)  0.562 +-  0.431
 549 R   0.96282 0.03713 0.00005 ( 1)  0.182 +-  0.162
 550 A   0.99144 0.00856 0.00000 ( 1)  0.157 +-  0.078
 551 E   0.99673 0.00327 0.00000 ( 1)  0.153 +-  0.049
 552 G   0.08334 0.90205 0.01461 ( 2)  0.952 +-  0.306
 553 I   0.00152 0.84289 0.15559 ( 2)  1.253 +-  0.610
 554 S   0.49707 0.50111 0.00182 ( 2)  0.580 +-  0.433
 555 K   0.97055 0.02942 0.00003 ( 1)  0.175 +-  0.144
 556 D   0.99355 0.00645 0.00000 ( 1)  0.155 +-  0.068
 557 T   0.79814 0.20138 0.00047 ( 1)  0.322 +-  0.344
 558 K   0.00086 0.80431 0.19483 ( 2)  1.322 +-  0.680
 559 I   0.65518 0.28943 0.05538 ( 1)  0.539 +-  0.662
 560 K   0.82617 0.17121 0.00262 ( 1)  0.302 +-  0.341
 561 D   0.00605 0.86874 0.12521 ( 2)  1.198 +-  0.557
 562 L   0.00414 0.76366 0.23220 ( 2)  1.381 +-  0.727
 563 A   0.00043 0.50718 0.49239 ( 2)  1.868 +-  0.944
 564 -   0.00743 0.71057 0.28199 ( 2)  1.474 +-  0.806
 565 -   0.00002 0.15309 0.84689 ( 3)  2.565 +-  0.826
 566 -   0.49542 0.44067 0.06391 ( 1)  0.687 +-  0.676
 567 -   0.01034 0.55388 0.43578 ( 2)  1.768 +-  0.954
 568 F   0.30051 0.69332 0.00617 ( 2)  0.754 +-  0.414
 569 G   0.00752 0.92275 0.06973 ( 2)  1.103 +-  0.413
 570 C   0.00000 0.19763 0.80237 ( 3)  2.471 +-  0.867
 571 A   0.00000 0.03870 0.96130 ( 3)  2.780 +-  0.631
 572 S   0.00189 0.72867 0.26944 ( 2)  1.454 +-  0.783
 573 -   0.65518 0.28943 0.05538 ( 1)  0.539 +-  0.662
 574 -   0.65518 0.28943 0.05538 ( 1)  0.539 +-  0.662
 575 R   0.00721 0.74730 0.24549 ( 2)  1.403 +-  0.750
 576 Q   0.00003 0.24052 0.75944 ( 3)  2.388 +-  0.903
 577 C   0.00004 0.31466 0.68530 ( 3)  2.241 +-  0.941
 578 P   0.00068 0.86338 0.13594 ( 2)  1.218 +-  0.563
 579 S   0.00005 0.36325 0.63670 ( 3)  2.134 +-  0.941
 580 F   0.66519 0.33296 0.00185 ( 1)  0.437 +-  0.410
 581 A   0.00076 0.86738 0.13186 ( 2)  1.209 +-  0.550
 582 L   0.00002 0.45402 0.54595 ( 3)  1.947 +-  0.926
 583 E   0.99915 0.00085 0.00000 ( 1)  0.151 +-  0.025
 584 M   0.99379 0.00621 0.00000 ( 1)  0.155 +-  0.067
 585 V   0.02418 0.90275 0.07308 ( 2)  1.094 +-  0.440
 586 S   0.16207 0.82806 0.00987 ( 2)  0.877 +-  0.354
 587 H   0.99856 0.00144 0.00000 ( 1)  0.151 +-  0.032
 588 V   0.18868 0.79941 0.01191 ( 2)  0.858 +-  0.380
 589 K   0.00746 0.82833 0.16420 ( 2)  1.264 +-  0.637
 590 A   0.99785 0.00215 0.00000 ( 1)  0.152 +-  0.039
 591 Y   0.99530 0.00470 0.00000 ( 1)  0.154 +-  0.058
 592 F   0.05726 0.92318 0.01956 ( 2)  0.981 +-  0.297
 593 T   0.67964 0.31959 0.00076 ( 1)  0.423 +-  0.400
 594 G   0.99370 0.00630 0.00000 ( 1)  0.155 +-  0.067
 595 A   0.23817 0.73668 0.02515 ( 2)  0.837 +-  0.456
 596 S   0.14435 0.84425 0.01141 ( 2)  0.895 +-  0.347
 597 K   0.40600 0.57965 0.01435 ( 2)  0.678 +-  0.476
 598 R   0.81448 0.18508 0.00044 ( 1)  0.308 +-  0.333
 599 L   0.97744 0.02255 0.00002 ( 1)  0.169 +-  0.127
 600 S   0.02205 0.88686 0.09109 ( 2)  1.127 +-  0.490
 601 N   0.65974 0.33946 0.00079 ( 1)  0.440 +-  0.407
 602 Q   0.97546 0.02452 0.00002 ( 1)  0.171 +-  0.132
 603 I   0.99836 0.00164 0.00000 ( 1)  0.151 +-  0.034
 604 P   0.97993 0.02004 0.00003 ( 1)  0.167 +-  0.120
 605 L   0.98536 0.01460 0.00003 ( 1)  0.162 +-  0.103
 606 I   0.99861 0.00139 0.00000 ( 1)  0.151 +-  0.032
 607 I   0.99874 0.00126 0.00000 ( 1)  0.151 +-  0.030
 608 L   0.96204 0.03793 0.00004 ( 1)  0.182 +-  0.163
 609 S   0.61709 0.38099 0.00192 ( 1)  0.478 +-  0.422
 610 T   0.06253 0.92503 0.01243 ( 2)  0.966 +-  0.270
 611 V   0.56786 0.43030 0.00185 ( 1)  0.520 +-  0.429
 612 L   0.99015 0.00984 0.00001 ( 1)  0.158 +-  0.084
 613 H   0.39148 0.60263 0.00588 ( 2)  0.676 +-  0.438
 614 D   0.09816 0.89173 0.01012 ( 2)  0.932 +-  0.301
 615 F   0.63907 0.35783 0.00310 ( 1)  0.462 +-  0.423
 616 G   0.99820 0.00180 0.00000 ( 1)  0.152 +-  0.036
 617 N   0.03777 0.94748 0.01476 ( 2)  0.991 +-  0.250
 618 Y   0.06452 0.91689 0.01859 ( 2)  0.974 +-  0.302
 619 L   0.69168 0.30631 0.00200 ( 1)  0.415 +-  0.403
 620 Q   0.90462 0.09517 0.00021 ( 1)  0.231 +-  0.252
 621 T   0.30214 0.69131 0.00654 ( 2)  0.753 +-  0.416
 622 S   0.00018 0.49838 0.50144 ( 3)  1.865 +-  0.918
 623 M   0.99983 0.00017 0.00000 ( 1)  0.150 +-  0.011
 624 L   0.98590 0.01408 0.00002 ( 1)  0.162 +-  0.101
 625 H   0.98400 0.01599 0.00001 ( 1)  0.164 +-  0.107
 626 L   0.98815 0.01184 0.00002 ( 1)  0.160 +-  0.092
 627 L   0.98416 0.01581 0.00003 ( 1)  0.164 +-  0.107
 628 Q   0.99652 0.00348 0.00000 ( 1)  0.153 +-  0.050
 629 G   0.81172 0.18790 0.00038 ( 1)  0.311 +-  0.335
 630 K   0.76595 0.23313 0.00091 ( 1)  0.350 +-  0.365
 631 E   0.71538 0.28397 0.00065 ( 1)  0.393 +-  0.387
 632 E   0.01052 0.79604 0.19344 ( 2)  1.312 +-  0.687
 633 I   0.05079 0.92946 0.01975 ( 2)  0.987 +-  0.289
 634 N   0.35116 0.64513 0.00371 ( 2)  0.707 +-  0.420
 635 Y   0.06372 0.88913 0.04714 ( 2)  1.019 +-  0.403
 636 L   0.84305 0.15636 0.00058 ( 1)  0.284 +-  0.313
 637 L   0.98976 0.01022 0.00001 ( 1)  0.159 +-  0.086
 638 Q   0.09558 0.87189 0.03253 ( 2)  0.970 +-  0.389
 639 E   0.99932 0.00068 0.00000 ( 1)  0.151 +-  0.022
 640 D   0.08706 0.89857 0.01438 ( 2)  0.948 +-  0.308
 641 H   0.10076 0.88649 0.01275 ( 2)  0.934 +-  0.314
 642 E   0.99643 0.00357 0.00000 ( 1)  0.153 +-  0.051
 643 A   0.84425 0.15545 0.00030 ( 1)  0.283 +-  0.310
 644 A   0.08634 0.90736 0.00630 ( 2)  0.936 +-  0.270
 645 N   0.82778 0.17200 0.00022 ( 1)  0.297 +-  0.322
 646 Q   0.92223 0.07761 0.00017 ( 1)  0.216 +-  0.229
 647 Q   0.84076 0.15870 0.00054 ( 1)  0.286 +-  0.315
 648 K   0.99129 0.00870 0.00001 ( 1)  0.157 +-  0.079
 649 L   0.83168 0.16792 0.00040 ( 1)  0.294 +-  0.321
 650 L   0.99058 0.00941 0.00001 ( 1)  0.158 +-  0.082
 651 T   0.83199 0.16773 0.00028 ( 1)  0.293 +-  0.320
 652 S   0.42574 0.57239 0.00187 ( 2)  0.641 +-  0.428
 653 R   0.98992 0.01007 0.00001 ( 1)  0.159 +-  0.085
 654 I   0.59729 0.39927 0.00345 ( 1)  0.498 +-  0.433
 655 S   0.00001 0.53192 0.46807 ( 2)  1.799 +-  0.901
 656 H   0.91403 0.08568 0.00029 ( 1)  0.224 +-  0.241
 657 L   0.99130 0.00869 0.00001 ( 1)  0.157 +-  0.079
 658 N   0.00847 0.94171 0.04982 ( 2)  1.071 +-  0.357
 659 K   0.39172 0.60146 0.00681 ( 2)  0.678 +-  0.442
 660 A   0.99346 0.00653 0.00001 ( 1)  0.156 +-  0.069
 661 Y   0.21078 0.78419 0.00503 ( 2)  0.828 +-  0.367
 662 Q   0.10979 0.86819 0.02202 ( 2)  0.941 +-  0.360
 663 Y   0.07160 0.89764 0.03076 ( 2)  0.987 +-  0.356
 664 L   0.98220 0.01770 0.00009 ( 1)  0.165 +-  0.114
 665 V   0.28767 0.70804 0.00429 ( 2)  0.762 +-  0.401
 666 D   0.85043 0.14926 0.00031 ( 1)  0.278 +-  0.305
 667 F   0.99553 0.00447 0.00000 ( 1)  0.154 +-  0.057
 668 K   0.00677 0.93136 0.06188 ( 2)  1.090 +-  0.387
 669 S   0.03434 0.93783 0.02783 ( 2)  1.013 +-  0.302

Positively selected sites

	Prob(w>1)  mean w

     3 -      0.884         2.638 +- 0.776
     6 -      0.664         2.213 +- 0.963
     9 P      0.621         2.119 +- 0.960
    17 E      0.859         2.579 +- 0.803
    32 D      0.570         2.005 +- 0.945
   130 T      0.527         1.934 +- 0.952
   208 G      0.649         2.158 +- 0.938
   330 D      0.959*        2.776 +- 0.638
   363 Q      0.839         2.536 +- 0.824
   389 Q      0.661         2.173 +- 0.927
   396 S      0.941         2.742 +- 0.676
   418 K      0.717         2.289 +- 0.914
   433 C      0.844         2.550 +- 0.820
   485 E      0.645         2.158 +- 0.948
   492 N      0.687         2.247 +- 0.943
   514 D      0.850         2.559 +- 0.813
   565 -      0.847         2.565 +- 0.826
   570 C      0.802         2.471 +- 0.867
   571 A      0.961*        2.780 +- 0.631
   576 Q      0.759         2.388 +- 0.903
   577 C      0.685         2.241 +- 0.941
   579 S      0.637         2.134 +- 0.941
   582 L      0.546         1.947 +- 0.926
   622 S      0.501         1.865 +- 0.918

