

TREE # 1

  0  0.0000  13185.105022  x:  0.40670   0.09470   1.19809   0.17883   0.04245   0.22909   0.00000   0.03881   0.04172   0.02414   0.04337   0.11988   0.08888   0.12951   0.03726   0.06231   0.22614   0.25374   0.17183   0.13844   0.19172   1.00000   1.26692   0.56857   0.31862   2.60624  
  1 99.0000  13123.478482  x:  0.41581   0.10838   1.20133   0.18737   0.05577   0.23573   0.15952   0.02849   0.02768   0.01745   0.03482   0.11694   0.10183   0.14354   0.04272   0.06396   0.22827   0.26058   0.18410   0.14980   0.19660   1.01504   1.27203   0.56732   0.29948   2.60472  
  2 5241.9945  13019.197143  x:  0.43686   0.13914   1.20972   0.20671   0.07862   0.24580   0.15654   0.01138   0.00218   0.01935   0.01978   0.09446   0.12548   0.17126   0.05082   0.06793   0.23454   0.27617   0.21149   0.17455   0.20820   1.04968   1.28362   0.56457   0.25394   2.60083  
  3 1431.3460  12955.638530  x:  0.45546   0.16608   1.21730   0.22366   0.09799   0.25468   0.15479   0.00156   0.01114   0.02084   0.00930   0.07473   0.14578   0.19526   0.05737   0.07116   0.24005   0.28986   0.23555   0.19608   0.21838   1.08067   1.29406   0.56212   0.21310   2.59728  
  4 10253.2325  12881.316686  x:  0.48017   0.20176   1.22751   0.24611   0.12333   0.26647   0.15293   0.01211   0.01824   0.02262   0.00120   0.04879   0.17244   0.22688   0.06574   0.07530   0.24737   0.30800   0.26745   0.22452   0.23186   1.12208   1.30805   0.55887   0.15861   2.59250  
  5 27206.1929  12812.301024  x:  0.51246   0.24829   1.24093   0.27539   0.15620   0.28189   0.15068   0.02020   0.02638   0.02477   0.01217   0.01522   0.20708   0.26802   0.07643   0.08060   0.25691   0.33167   0.30908   0.26155   0.24942   1.17630   1.32638   0.55466   0.08760   2.58621  
  6 55206.8338  12769.504341  x:  0.54937   0.29280   1.26790   0.30354   0.16714   0.30078   0.14456   0.02357   0.03060   0.00620   0.01542   0.08962   0.22405   0.29468   0.05901   0.07115   0.26558   0.35397   0.35212   0.28939   0.26356   1.25628   1.34891   0.55600   0.09328   2.57432  
  7 911.3547  12746.941470  x:  0.58394   0.33286   1.29580   0.32880   0.17270   0.31770   0.14227   0.02681   0.03438   0.04621   0.01850   0.14764   0.23628   0.31660   0.04276   0.06338   0.27322   0.37401   0.39173   0.31289   0.27569   1.33484   1.37027   0.55843   0.11389   2.56239  
  8 3350.6306  12714.908423  x:  0.62545   0.36922   1.34999   0.35126   0.14790   0.33286   0.14172   0.02990   0.03769   0.03847   0.02088   0.12800   0.22755   0.32357   0.07019   0.09026   0.28061   0.39330   0.43473   0.32361   0.28309   1.45413   1.39903   0.56766   0.19788   2.54309  
  9 691.4449  12665.709410  x:  0.67205   0.37842   1.46639   0.35449   0.04098   0.34694   0.14663   0.02628   0.03283   0.02827   0.01810   0.08408   0.15961   0.27817   0.02284   0.06751   0.28619   0.40577   0.47056   0.29074   0.27273   1.66789   1.45370   0.58291   0.19319   2.50758  
 10 547.7440  12650.082021  x:  0.68594   0.36939   1.52340   0.34836   0.00000   0.35238   0.14762   0.02473   0.03089   0.03160   0.01709   0.09045   0.12984   0.25124   0.05373   0.06867   0.28673   0.41054   0.47847   0.26760   0.26372   1.76648   1.48111   0.59033   0.17098   2.48981  
 11 1088.4394  12624.776382  x:  0.68709   0.30271   1.65541   0.31476   0.06433   0.35778   0.14754   0.02318   0.02909   0.03199   0.01592   0.08645   0.10659   0.18775   0.06205   0.07796   0.28209   0.43032   0.46877   0.19916   0.23556   1.96525   1.54044   0.61327   0.15385   2.44688  
 12 548.3539  12600.116976  x:  0.64916   0.17161   1.81467   0.23872   0.05918   0.34441   0.14642   0.02244   0.02819   0.03010   0.01529   0.07941   0.18752   0.22882   0.06843   0.05808   0.27619   0.41223   0.41545   0.19143   0.24158   2.16109   1.61062   0.65068   0.15217   2.38918  
 13 377.1436  12596.324009  x:  0.64174   0.15225   1.85176   0.22351   0.06173   0.32850   0.14664   0.02213   0.02787   0.03113   0.01512   0.08319   0.17892   0.23487   0.05970   0.08485   0.26600   0.39892   0.40218   0.21819   0.24986   2.18720   1.62753   0.66380   0.14594   2.37193  
 14 199.9538  12593.440069  x:  0.63922   0.15105   1.89216   0.21438   0.07491   0.30694   0.14681   0.02208   0.02784   0.03042   0.01507   0.08113   0.16022   0.23872   0.06764   0.06568   0.25249   0.38101   0.39170   0.24757   0.25238   2.19506   1.64576   0.68373   0.14655   2.34891  
 15 140.9039  12589.414603  x:  0.64254   0.18521   1.99010   0.21427   0.07956   0.28574   0.14681   0.02201   0.02789   0.03088   0.01496   0.08309   0.16852   0.25293   0.06651   0.07041   0.24977   0.34007   0.37989   0.24169   0.21607   2.16396   1.69459   0.74661   0.14133   2.27967  
 16 85.0778  12582.072671  x:  0.61623   0.19584   2.20431   0.25103   0.07184   0.32062   0.14703   0.02160   0.02756   0.03172   0.01440   0.08238   0.18529   0.22398   0.06791   0.06943   0.25746   0.34492   0.39379   0.24895   0.24856   2.05142   1.81485   0.90988   0.13219   2.10311  
 17 132.7869  12580.241721  x:  0.61634   0.18895   2.25100   0.25108   0.06985   0.32176   0.14717   0.02147   0.02746   0.03197   0.01427   0.08283   0.16537   0.25221   0.06780   0.06972   0.26161   0.37921   0.39688   0.23995   0.24804   2.02056   1.84521   0.96122   0.12942   2.05336  
 18 110.9850  12579.452267  x:  0.64268   0.18396   2.25136   0.23220   0.06489   0.31362   0.14729   0.02139   0.02738   0.03189   0.01420   0.08259   0.17480   0.24401   0.06733   0.06993   0.25045   0.40298   0.39953   0.24609   0.24059   2.01102   1.85590   1.00456   0.12730   2.02420  
 19 33.1574  12578.377550  x:  0.68352   0.15785   2.22508   0.20860   0.06740   0.31062   0.14737   0.02123   0.02722   0.03177   0.01405   0.08174   0.17268   0.24158   0.06795   0.06908   0.27341   0.39184   0.42464   0.24905   0.23967   2.00804   1.87147   1.08836   0.12299   1.97630  
 20 39.0410  12577.827283  x:  0.69235   0.14775   2.20238   0.20447   0.06865   0.31726   0.14712   0.02116   0.02712   0.03158   0.01397   0.08079   0.17025   0.24750   0.06774   0.06927   0.25434   0.37924   0.44037   0.24148   0.24214   2.01244   1.88313   1.13703   0.12044   1.95175  
 21 44.3846  12576.002032  x:  0.62208   0.18353   2.07627   0.19940   0.06620   0.30968   0.14695   0.02068   0.02649   0.03019   0.01360   0.07537   0.16831   0.24172   0.06619   0.06824   0.25531   0.37960   0.42447   0.23883   0.23900   2.06493   1.97613   1.31347   0.11582   1.87750  
 22 24.1192  12574.779740  x:  0.62764   0.16486   1.99178   0.23489   0.06318   0.30064   0.14675   0.02013   0.02575   0.02897   0.01320   0.07053   0.16744   0.23850   0.06492   0.06621   0.24968   0.37497   0.40174   0.24274   0.22150   2.07984   2.12717   1.37917   0.11859   1.86414  
 23 20.9321  12574.309585  x:  0.63785   0.17025   1.96429   0.22920   0.06434   0.30333   0.14659   0.01991   0.02547   0.02859   0.01304   0.06874   0.16486   0.23966   0.06452   0.06589   0.24823   0.37038   0.38554   0.23436   0.23503   2.08347   2.18739   1.40214   0.11983   1.86736  
 24 49.7727  12572.684117  x:  0.61250   0.18222   1.94324   0.16080   0.06337   0.30587   0.14564   0.01979   0.02521   0.02762   0.01295   0.06546   0.16301   0.23779   0.06291   0.06500   0.24469   0.36945   0.45383   0.23726   0.22538   2.08083   2.34518   1.49006   0.12339   1.98539  
 25 13.8956  12571.055388  x:  0.61217   0.18528   1.94878   0.16468   0.06174   0.26764   0.14523   0.01982   0.02520   0.02709   0.01303   0.06513   0.16999   0.23645   0.06214   0.06580   0.24453   0.37308   0.47942   0.22212   0.24565   2.08847   2.43990   1.61455   0.12176   2.13625  
 26 37.5798  12552.815174  x:  0.68063   0.21325   2.05512   0.21249   0.06116   0.31385   0.13482   0.02110   0.02561   0.02103   0.01389   0.04607   0.16740   0.25789   0.05666   0.06777   0.25922   0.39813   0.49697   0.25433   0.24740   2.19415   3.35935   3.07255   0.10237   3.86856  
 27 202.6959  12534.338301  x:  0.71126   0.27357   2.35062   0.24802   0.06562   0.34070   0.11922   0.02229   0.02518   0.01449   0.01492   0.02869   0.19027   0.29181   0.05232   0.07463   0.26645   0.41620   0.55847   0.29354   0.25181   2.47344   2.73630   2.08688   0.11227   3.22631  
 28  2.1308  12527.709675  x:  0.74127   0.29862   2.51456   0.25404   0.07316   0.35208   0.10664   0.02393   0.02575   0.02255   0.01696   0.06218   0.20674   0.31319   0.05609   0.07587   0.27380   0.43395   0.59909   0.31388   0.25867   2.61658   2.55528   1.97674   0.10079   3.37008  
 29  0.4908  12522.918560  x:  0.77756   0.29193   2.68698   0.23124   0.07920   0.35088   0.08942   0.02477   0.02415   0.02156   0.01870   0.06568   0.21612   0.32398   0.05582   0.07528   0.27740   0.44533   0.63870   0.31547   0.26640   2.80768   2.39595   1.95362   0.11317   3.49173  
 30  0.2775  12519.383425  x:  0.78187   0.27295   2.82197   0.20162   0.07824   0.34552   0.06900   0.02288   0.01856   0.01936   0.01859   0.05940   0.21003   0.31680   0.05243   0.07140   0.27326   0.44427   0.65473   0.30373   0.26253   2.94529   2.42253   2.04087   0.09536   3.53689  
 31  0.1414  12516.946318  x:  0.74622   0.25754   2.72245   0.19592   0.07452   0.33408   0.05476   0.02109   0.01370   0.01986   0.01868   0.06214   0.19325   0.29538   0.05262   0.07209   0.26681   0.42598   0.62572   0.28700   0.25147   2.90576   2.38952   1.82390   0.10416   3.10064  
 32  0.2315  12515.747413  x:  0.72272   0.25786   2.53954   0.21281   0.07052   0.32893   0.05241   0.02129   0.01381   0.02064   0.01916   0.06731   0.18855   0.28685   0.05501   0.07123   0.26409   0.41619   0.58978   0.28428   0.24854   2.76682   2.73274   2.18737   0.10670   3.26163  
 33  0.3369  12515.356011  x:  0.72685   0.25991   2.52587   0.21249   0.06937   0.32689   0.04634   0.02196   0.01412   0.02003   0.02000   0.06892   0.19495   0.29232   0.05488   0.06980   0.26224   0.41837   0.58835   0.28706   0.24969   2.75458   2.67909   2.18534   0.10358   3.16526  
 34  0.0686  12515.264176  x:  0.72750   0.25991   2.52174   0.21351   0.06884   0.32795   0.04828   0.02245   0.01508   0.01987   0.02031   0.06863   0.19578   0.29453   0.05394   0.07044   0.26259   0.41954   0.58602   0.28810   0.25001   2.73112   2.60793   2.09981   0.10407   3.06216  
 35  0.1277  12515.201201  x:  0.72684   0.25529   2.53595   0.21068   0.06886   0.32870   0.04645   0.02276   0.01504   0.01959   0.02094   0.06765   0.19267   0.29345   0.05242   0.07090   0.26317   0.41921   0.58526   0.28620   0.24950   2.72642   2.61530   2.08985   0.10457   3.05896  
 36  0.0098  12515.140556  x:  0.72908   0.25493   2.54734   0.21081   0.07054   0.32853   0.04760   0.02348   0.01571   0.01976   0.02198   0.06740   0.19306   0.29308   0.05322   0.07013   0.26359   0.41919   0.58805   0.28680   0.25063   2.72655   2.65034   2.13768   0.10417   3.15175  
 37  0.0382  12515.088564  x:  0.72640   0.25610   2.53188   0.21081   0.07030   0.32604   0.04716   0.02372   0.01526   0.01992   0.02310   0.06768   0.19412   0.29080   0.05401   0.07064   0.26254   0.41754   0.58675   0.28574   0.24966   2.73273   2.61761   2.10094   0.10385   3.08144  
 38  0.0310  12515.061422  x:  0.72819   0.25717   2.53671   0.21170   0.06927   0.32842   0.04852   0.02357   0.01477   0.01981   0.02362   0.06705   0.19354   0.29244   0.05342   0.07078   0.26359   0.41970   0.58697   0.28624   0.24974   2.74246   2.62358   2.10946   0.10410   3.09410  
 39  0.0083  12515.055262  x:  0.72768   0.25676   2.53294   0.21237   0.06897   0.32820   0.04827   0.02344   0.01462   0.01977   0.02380   0.06743   0.19347   0.29311   0.05351   0.07028   0.26312   0.41928   0.58556   0.28670   0.25011   2.73222   2.63176   2.11888   0.10413   3.08753  
 40  0.0089  12515.048620  x:  0.72900   0.25661   2.54772   0.21122   0.06968   0.32812   0.04827   0.02312   0.01463   0.01978   0.02398   0.06766   0.19440   0.29369   0.05349   0.07085   0.26335   0.41927   0.58909   0.28754   0.25054   2.73190   2.62152   2.10861   0.10399   3.09388  
 41  0.0057  12515.041181  x:  0.72726   0.25720   2.53845   0.21077   0.07003   0.32805   0.04843   0.02258   0.01470   0.01978   0.02414   0.06739   0.19398   0.29250   0.05368   0.07056   0.26349   0.41914   0.58828   0.28679   0.24950   2.72977   2.62553   2.11075   0.10423   3.09978  
 42  0.0032  12515.038619  x:  0.72813   0.25751   2.53634   0.21145   0.06989   0.32819   0.04815   0.02246   0.01487   0.01976   0.02425   0.06741   0.19397   0.29314   0.05344   0.07058   0.26338   0.41956   0.58766   0.28687   0.25009   2.73265   2.62132   2.10860   0.10408   3.09665  
 43  0.0037  12515.038050  x:  0.72815   0.25689   2.53673   0.21189   0.06964   0.32796   0.04817   0.02242   0.01489   0.01979   0.02428   0.06750   0.19376   0.29303   0.05345   0.07061   0.26329   0.41922   0.58694   0.28676   0.25024   2.73363   2.62498   2.11082   0.10412   3.09619  
 44  0.0022  12515.037933  x:  0.72811   0.25679   2.53761   0.21177   0.06950   0.32800   0.04818   0.02241   0.01491   0.01977   0.02427   0.06750   0.19386   0.29300   0.05351   0.07056   0.26331   0.41928   0.58701   0.28680   0.25006   2.73398   2.62515   2.11162   0.10409   3.09425  
 45  0.0012  12515.037922  x:  0.72802   0.25688   2.53758   0.21168   0.06949   0.32803   0.04817   0.02241   0.01492   0.01976   0.02427   0.06750   0.19381   0.29297   0.05350   0.07058   0.26330   0.41929   0.58713   0.28679   0.25005   2.73382   2.62570   2.11208   0.10410   3.09390  
 46  0.0005  12515.037921  x:  0.72802   0.25690   2.53759   0.21165   0.06950   0.32802   0.04817   0.02241   0.01492   0.01977   0.02427   0.06750   0.19381   0.29297   0.05350   0.07057   0.26330   0.41929   0.58717   0.28679   0.25006   2.73386   2.62566   2.11204   0.10410   3.09374  
 47  0.0001  12515.037921  x:  0.72802   0.25690   2.53759   0.21165   0.06950   0.32802   0.04817   0.02241   0.01492   0.01977   0.02427   0.06750   0.19381   0.29296   0.05350   0.07057   0.26330   0.41928   0.58716   0.28678   0.25006   2.73385   2.62570   2.11210   0.10409   3.09372  
 48  0.0000  12515.037921  x:  0.72802   0.25690   2.53759   0.21165   0.06950   0.32802   0.04817   0.02241   0.01492   0.01977   0.02427   0.06750   0.19381   0.29296   0.05350   0.07057   0.26330   0.41928   0.58716   0.28678   0.25006   2.73385   2.62571   2.11209   0.10410   3.09370  
 49  0.0000  12515.037921  x:  0.72802   0.25690   2.53759   0.21166   0.06950   0.32802   0.04817   0.02241   0.01492   0.01977   0.02427   0.06750   0.19381   0.29296   0.05350   0.07057   0.26330   0.41928   0.58716   0.28678   0.25006   2.73385   2.62571   2.11210   0.10409   3.09370  
 50  0.0000  12515.037921  x:  0.72802   0.25690   2.53759   0.21166   0.06950   0.32802   0.04817   0.02241   0.01492   0.01977   0.02427   0.06750   0.19381   0.29296   0.05350   0.07057   0.26330   0.41928   0.58716   0.28678   0.25006   2.73385   2.62571   2.11210   0.10409   3.09370  